1000 9877
546 7
254 622
94 707
310 908
886 687
777 809
945 611
640 511
513 871
471 763
916 356
189 422
480 790
65 888
599 255
32 367
124 221
240 450
260 407
673 490
414 664
734 557
835 24
829 743
385 950
501 406
981 924
201 959
855 951
133 909
843 919
511 877
494 533
406 651
636 838
764 371
126 652
182 866
626 364
700 747
706 560
613 626
943 65
585 701
892 559
605 546
75 847
458 93
166 410
350 455
2 149
740 587
210 554
326 92
330 147
131 94
648 372
514 389
477 113
687 162
358 220
52 216
162 555
219 550
681 285
684 612
576 101
340 686
605 230
220 132
607 552
222 590
262 417
944 328
407 584
926 584
875 864
803 159
192 352
914 796
150 298
873 327
430 522
348 151
668 950
444 674
927 183
898 475
995 303
766 244
16 616
934 320
642 194
688 58
320 629
267 953
147 351
973 23
190 259
730 828
397 987
164 954
481 810
742 279
863 257
265 57
582 836
899 694
720 137
521 328
426 12
389 152
542 470
939 305
986 196
635 215
651 586
691 681
296 447
77 614
635 68
375 321
195 999
911 805
625 110
927 398
221 635
701 305
5 362
339 752
307 78
553 362
457 349
735 118
995 989
862 143
621 426
247 553
838 404
205 777
187 258
259 241
953 959
805 166
153 463
98 298
317 524
410 158
528 341
68 406
162 591
624 238
383 287
409 94
656 41
766 340
567 797
110 728
241 863
119 922
541 910
196 385
417 468
367 423
37 767
758 539
814 793
266 211
430 981
178 849
280 971
558 290
765 230
837 297
340 791
695 159
845 782
918 954
243 196
137 727
638 991
375 274
916 79
777 903
320 982
561 808
581 677
358 614
821 342
822 177
988 681
203 13
829 430
940 324
158 281
930 238
77 855
405 672
710 564
137 2
545 397
125 587
259 627
647 732
635 770
502 799
549 606
363 583
401 294
557 751
501 477
483 126
892 258
658 326
930 547
580 251
881 23
937 261
369 891
958 493
861 637
696 220
952 838
701 341
902 724
106 641
583 913
674 687
895 899
607 31
130 689
499 978
580 304
526 19
126 599
202 15
188 110
554 864
598 417
395 908
72 751
164 199
735 776
496 703
825 799
376 357
931 703
37 288
59 360
631 600
64 450
463 506
999 20
628 706
993 91
380 539
676 88
571 354
993 180
561 392
482 691
323 877
713 213
54 975
111 778
996 588
334 111
262 248
279 698
582 433
529 571
287 863
654 352
992 507
210 344
485 82
582 448
860 162
556 171
168 892
104 890
466 897
655 529
821 313
896 704
189 703
25 902
651 982
267 961
471 353
612 353
977 164
797 465
138 894
711 623
531 765
207 956
43 951
280 483
801 7
519 953
860 742
240 423
593 485
354 435
887 223
122 983
912 771
144 669
532 256
492 325
60 513
448 291
366 54
289 437
277 768
313 575
631 75
730 296
805 314
787 803
230 947
865 146
373 128
553 418
434 875
387 126
338 528
80 64
626 129
177 157
255 85
421 259
706 755
580 739
472 965
680 970
74 121
115 623
580 675
373 171
782 142
654 450
269 800
680 89
476 164
794 193
353 919
540 509
378 578
197 14
862 752
353 768
944 685
547 280
470 697
850 187
997 696
375 756
301 241
340 617
710 268
880 622
992 40
846 439
701 624
225 447
304 42
471 182
632 604
241 577
183 354
216 897
289 971
487 936
699 768
383 875
901 580
370 182
120 433
284 457
690 965
30 98
124 393
396 888
772 951
864 288
668 736
821 398
142 987
91 225
972 814
829 915
385 634
133 908
446 93
121 954
198 674
462 249
155 765
907 554
506 283
489 975
42 89
599 367
285 995
271 304
818 633
344 464
201 585
844 421
645 148
8 39
193 253
472 52
471 830
421 453
195 591
192 653
568 334
330 1
669 592
411 320
429 454
940 796
40 118
369 766
944 924
482 823
301 273
72 551
277 472
541 647
926 943
837 240
13 494
141 313
36 81
18 580
243 859
371 354
840 152
427 613
559 724
521 977
847 201
461 830
667 639
31 508
949 537
232 387
133 557
945 962
141 765
236 778
189 885
148 175
261 392
633 439
707 856
157 295
582 520
423 458
390 404
823 790
59 717
584 124
489 760
717 384
350 699
333 439
47 761
194 863
530 741
17 958
803 683
128 369
703 962
371 621
963 913
251 899
622 246
713 698
237 172
725 759
66 52
674 823
472 835
754 105
20 421
526 875
179 380
713 916
424 373
977 712
939 342
388 464
339 514
449 198
472 97
626 318
807 727
331 230
578 189
796 100
526 133
730 480
51 989
244 572
511 938
529 669
178 158
674 763
714 828
936 270
221 284
991 296
227 695
729 217
567 713
217 493
314 529
41 831
409 478
705 320
727 903
687 951
909 118
433 133
737 855
29 819
758 207
64 487
671 716
522 302
348 935
869 245
893 733
984 679
235 287
54 881
861 127
292 814
165 568
723 2
889 878
893 846
620 906
452 20
608 962
276 282
738 605
983 957
949 637
306 721
93 695
484 276
581 898
346 341
76 590
299 169
245 925
566 105
525 137
176 633
603 404
142 528
172 991
177 951
74 861
609 916
441 929
422 403
304 552
172 622
817 615
108 620
938 181
239 685
80 213
462 803
271 251
4 966
332 507
670 407
786 144
345 64
773 918
665 821
602 978
815 367
213 57
625 9
592 350
810 173
29 85
446 593
934 250
65 355
283 468
359 321
226 150
758 499
761 901
785 251
217 457
168 3
386 70
848 677
334 688
597 886
504 155
823 500
36 26
844 945
349 77
331 718
336 820
939 911
121 150
486 942
602 223
244 212
962 907
335 191
174 251
430 865
289 595
931 924
674 472
555 792
276 335
261 669
867 718
887 787
376 179
382 457
281 352
432 212
641 384
146 862
614 103
817 199
552 628
246 774
889 725
569 727
16 689
860 338
760 870
467 964
413 54
680 177
270 417
200 445
399 199
347 318
997 168
927 573
786 579
915 157
539 793
68 515
622 174
57 246
63 264
998 861
455 82
370 968
199 171
860 773
644 234
539 468
481 684
43 741
238 823
193 16
178 836
276 366
471 789
40 893
978 799
868 415
186 850
782 640
47 90
86 436
342 546
758 506
80 765
946 208
982 754
951 609
308 997
572 378
741 633
434 911
843 297
809 233
151 494
926 944
841 216
749 575
143 890
847 470
818 248
92 22
336 943
478 766
228 661
31 138
72 889
202 740
956 477
244 95
963 491
304 92
270 833
452 108
492 945
511 769
633 297
816 199
984 957
533 182
261 403
910 768
328 816
76 741
286 210
724 694
655 628
488 54
769 497
799 836
964 372
198 784
332 206
833 599
965 498
849 863
489 573
255 982
702 730
739 925
924 825
303 428
648 3
844 192
275 706
514 940
17 652
159 985
18 223
644 319
87 857
563 346
460 328
670 495
375 383
344 465
754 292
243 793
136 509
981 11
285 516
714 950
734 333
649 801
354 41
654 18
89 300
18 784
582 517
153 527
61 174
635 265
981 365
362 511
240 799
921 530
494 996
667 50
49 767
199 625
520 816
315 156
640 76
983 709
583 271
732 971
943 903
33 828
426 333
115 872
331 871
523 105
908 493
529 992
404 712
474 521
36 304
665 160
494 820
194 664
600 395
508 504
932 330
764 553
447 335
621 880
896 267
146 934
54 39
536 290
872 666
710 594
272 783
585 973
898 584
24 101
902 384
750 334
966 891
111 144
313 73
798 64
690 889
802 415
548 623
238 13
647 357
372 723
526 590
472 589
949 77
845 428
21 602
953 916
468 641
143 427
905 120
686 983
104 271
394 767
489 827
199 128
860 862
809 724
646 47
589 995
657 920
985 59
969 926
821 933
131 369
792 597
443 547
339 754
251 462
257 699
222 93
832 305
944 859
236 425
592 401
315 784
494 785
892 700
95 735
827 615
477 34
593 889
532 194
407 795
305 881
359 2
358 248
879 827
398 714
348 817
679 847
596 31
743 152
176 738
374 709
642 451
737 967
634 313
619 39
12 207
325 400
23 803
789 257
274 846
738 491
112 466
707 648
802 908
144 366
491 569
419 164
367 346
6 900
851 169
745 366
253 95
219 851
827 870
392 647
428 189
755 453
96 373
258 540
284 540
690 571
967 761
694 83
517 570
858 344
472 659
677 615
825 913
293 939
127 456
846 825
601 762
871 734
399 19
592 787
226 625
707 675
530 601
103 897
180 98
872 178
394 512
87 397
882 983
424 707
77 695
939 292
99 451
855 904
588 5
716 82
368 416
773 917
722 831
136 38
308 384
532 588
147 678
757 571
387 247
740 303
359 755
521 939
587 84
491 443
74 353
628 776
386 805
957 58
189 337
555 349
320 33
174 828
704 383
383 637
451 742
1 523
335 408
196 690
361 396
779 629
969 999
529 142
272 241
107 656
827 865
24 626
422 246
448 978
712 703
50 826
842 302
663 332
11 941
694 354
197 842
914 866
739 205
380 763
362 794
720 632
846 456
426 511
250 847
143 907
767 505
897 174
826 124
21 478
479 630
116 860
155 836
524 459
980 773
485 19
935 730
195 630
356 82
506 547
158 232
215 905
368 512
906 150
29 69
871 706
379 128
109 279
806 391
811 31
156 328
267 673
750 96
401 375
954 621
469 96
143 483
502 1000
530 351
125 34
861 687
626 500
347 765
645 190
593 645
354 147
999 737
428 922
515 606
700 706
916 903
848 981
27 104
377 483
692 878
408 881
890 35
230 512
909 475
838 323
813 639
699 786
482 785
598 451
430 49
417 854
328 407
382 814
170 914
559 476
762 200
857 756
767 89
434 799
736 483
793 668
405 366
154 174
193 716
379 917
529 874
396 423
434 750
182 368
22 489
315 81
814 117
248 44
690 447
196 436
876 470
842 322
852 795
395 118
769 165
71 773
862 528
59 965
371 87
998 208
908 296
272 522
654 943
895 243
552 593
147 471
148 4
523 80
337 69
983 74
87 113
180 661
328 725
561 886
691 771
431 516
762 123
415 76
664 73
316 708
714 59
428 570
730 982
642 640
440 24
276 902
812 607
597 869
414 524
274 227
798 662
123 16
717 990
4 927
177 944
598 35
263 942
739 203
766 784
583 970
70 795
515 698
806 111
957 241
118 55
799 754
377 511
227 637
930 843
400 322
809 42
994 118
939 667
550 499
240 784
580 882
110 526
110 993
532 969
844 619
794 176
667 162
740 852
799 417
413 742
822 578
862 323
735 723
68 460
965 90
362 33
597 753
862 722
556 509
600 285
728 722
750 787
783 926
521 983
314 959
945 119
747 303
875 754
879 730
204 94
572 818
392 748
360 288
146 935
423 828
632 378
160 759
106 351
212 561
25 979
908 54
727 244
996 773
547 882
986 318
362 628
879 41
739 730
646 122
134 174
824 969
673 824
834 990
765 402
696 647
159 521
262 607
823 566
658 589
388 813
617 139
907 763
125 932
436 49
422 452
371 540
7 602
212 536
752 573
270 184
570 898
476 917
402 16
155 328
726 1
854 62
125 646
143 475
703 197
960 601
523 649
203 469
557 938
853 115
450 550
678 804
805 496
386 862
35 937
178 156
485 992
718 802
700 377
666 697
204 584
961 835
230 712
247 554
288 531
2 257
644 848
616 255
726 572
340 495
237 174
586 451
35 347
644 743
166 615
850 460
689 970
600 219
602 873
533 553
384 496
292 217
153 476
757 11
741 950
745 563
458 333
571 347
510 149
679 940
97 464
831 645
617 521
625 794
917 428
97 321
953 632
193 232
422 981
647 132
940 914
906 782
447 354
286 36
841 723
254 888
989 507
42 584
120 380
581 785
547 897
683 279
290 426
55 750
239 125
367 168
152 439
744 305
928 552
176 269
587 813
405 254
626 781
402 707
220 606
774 43
975 990
651 250
15 445
20 357
151 717
152 341
327 998
337 687
252 478
215 714
68 88
920 858
652 965
341 358
726 178
605 931
869 938
703 198
356 499
507 889
90 259
183 519
677 328
843 80
290 816
147 681
792 690
922 609
133 390
134 865
980 712
808 362
640 998
805 404
628 777
244 530
355 411
999 930
969 667
936 492
644 933
684 890
496 291
615 658
528 662
766 522
114 833
420 189
28 561
875 126
359 33
625 587
314 674
319 244
98 717
649 683
615 880
984 278
486 657
478 512
651 901
188 941
341 976
599 589
230 48
175 657
968 409
532 845
804 231
805 522
405 156
462 423
923 723
581 979
598 979
392 401
683 273
128 255
115 65
997 867
48 6
656 325
218 840
219 47
58 227
901 621
651 122
45 423
124 352
513 125
430 254
261 351
670 53
802 85
226 367
133 917
337 890
142 710
214 192
255 828
492 418
901 272
425 495
261 113
446 55
907 515
986 8
621 544
169 978
801 863
905 38
48 977
105 512
345 49
697 452
347 591
369 139
563 431
553 670
756 848
355 217
195 928
752 291
199 984
826 770
388 313
924 411
13 148
537 810
455 259
25 755
500 408
155 207
670 802
583 7
738 108
645 480
546 923
89 752
607 274
560 365
871 99
372 827
550 694
37 449
496 557
390 755
83 127
980 247
452 840
89 914
722 603
698 542
292 785
809 393
774 661
137 848
961 710
563 694
586 253
981 702
315 449
979 934
859 652
111 811
231 706
768 892
806 996
793 223
867 970
324 311
827 328
137 748
46 924
630 922
67 252
493 476
693 336
911 265
324 725
612 256
761 970
116 599
320 640
447 233
358 956
752 643
164 785
915 187
203 893
426 20
692 271
285 847
472 874
844 194
437 692
494 319
901 5
70 638
972 158
22 765
703 286
118 362
134 527
178 919
914 35
511 873
477 649
316 777
118 133
265 733
141 521
631 985
557 982
209 872
598 258
66 915
106 708
435 218
488 940
130 372
773 654
170 597
317 770
545 615
883 701
16 371
217 406
143 954
349 678
832 245
170 996
616 588
563 71
106 998
493 98
329 93
628 615
115 588
345 776
486 997
988 383
143 856
477 254
170 774
887 951
323 520
362 46
568 909
935 817
24 683
980 378
414 482
968 322
339 483
432 15
803 16
896 414
860 968
914 939
133 553
689 105
346 380
930 676
185 826
423 464
978 137
318 766
963 231
898 582
771 748
901 677
727 247
910 909
866 294
850 734
102 627
158 289
986 430
952 370
492 603
129 557
169 520
77 943
940 499
816 801
930 313
601 958
817 713
468 643
74 518
113 116
498 934
318 133
566 639
255 554
517 41
209 682
888 924
565 317
971 122
130 566
946 575
95 66
762 845
748 872
431 204
329 398
661 891
991 388
334 953
795 185
942 696
209 852
144 164
715 351
202 102
26 136
429 189
784 852
583 348
606 7
827 982
709 352
62 853
176 740
452 179
325 13
664 697
706 984
690 501
126 251
309 569
770 61
684 731
650 583
301 165
598 837
729 666
491 571
898 153
756 197
561 497
99 545
695 106
129 77
955 217
444 834
926 330
488 850
631 320
261 489
394 202
586 614
237 986
898 554
883 24
149 356
479 941
65 596
561 812
120 492
935 494
349 893
350 311
963 993
108 984
950 745
294 333
426 93
962 187
734 975
522 947
501 552
470 509
544 310
602 500
234 976
899 948
976 289
78 865
890 299
265 644
145 174
990 774
991 107
79 557
869 907
763 152
241 206
39 23
867 166
544 131
283 425
749 310
17 5
532 684
457 462
330 68
923 249
136 661
210 813
283 326
286 683
715 379
297 422
316 661
265 832
235 222
71 620
933 273
572 183
278 974
631 596
982 806
686 42
67 566
874 330
322 98
421 491
187 113
689 215
709 28
876 515
280 956
603 678
875 701
72 62
950 137
613 975
183 282
901 987
81 176
392 677
654 977
987 569
972 544
614 958
793 371
742 190
944 193
414 229
958 175
463 727
778 72
10 561
566 251
971 617
536 58
699 966
294 286
869 410
84 642
12 791
436 123
555 135
223 285
661 569
764 23
899 322
4 790
320 579
808 692
53 367
872 844
905 182
605 997
976 736
53 400
471 929
402 232
920 597
649 185
736 953
623 547
436 447
297 87
902 692
145 27
75 166
386 775
350 492
481 387
126 762
173 589
949 375
221 321
954 318
447 771
502 426
733 294
625 485
329 160
607 285
184 669
499 720
600 229
193 593
654 454
805 890
933 309
849 698
166 684
304 369
511 494
909 925
811 659
352 220
615 117
569 933
71 775
625 19
998 214
504 374
766 114
135 89
646 882
157 125
154 608
29 660
379 467
414 182
111 8
180 663
487 821
664 220
778 108
337 980
998 387
983 53
217 654
289 41
18 425
879 132
665 694
122 533
398 484
971 482
275 91
223 369
831 118
857 463
345 227
74 995
511 522
358 386
898 935
631 261
925 414
639 782
51 305
198 576
18 218
338 482
916 847
415 961
108 341
455 448
347 731
95 105
151 843
578 85
91 501
672 18
925 672
178 871
566 690
933 149
551 298
41 37
557 981
652 579
249 202
782 970
621 162
913 108
114 932
523 986
877 457
511 223
500 704
227 748
102 488
254 311
571 595
93 235
566 965
908 900
652 304
853 657
537 720
165 703
921 305
940 763
481 250
396 325
145 435
453 372
515 137
718 384
420 323
594 882
775 715
573 875
999 425
250 664
35 108
474 532
571 174
885 258
300 120
652 484
769 135
719 367
805 705
55 486
2 750
115 139
188 709
195 227
971 834
661 2
578 928
501 847
447 473
530 831
754 736
90 838
992 278
542 174
379 364
659 398
527 963
794 903
411 553
195 430
547 709
630 790
49 759
321 324
998 574
506 712
933 629
720 142
96 680
355 933
306 158
485 554
738 192
366 295
403 283
276 523
302 527
835 951
14 131
203 70
744 802
1000 332
378 224
911 800
952 175
282 852
277 836
61 530
965 599
550 51
516 103
420 860
23 401
978 629
207 293
101 994
743 439
28 440
527 918
712 512
630 111
494 853
581 441
639 247
118 700
254 339
934 527
280 532
698 607
187 175
893 616
770 160
32 665
658 965
486 944
192 351
394 67
318 105
589 704
330 485
670 194
281 31
562 184
940 752
69 941
989 215
438 71
171 696
357 157
16 65
327 821
128 789
755 774
548 826
168 758
907 93
391 964
253 461
733 835
464 236
465 69
998 361
624 796
894 961
920 15
349 971
812 485
685 881
778 85
980 851
162 238
492 553
589 149
420 742
702 460
578 678
704 789
212 856
787 334
860 616
414 586
665 622
199 323
173 932
851 964
289 632
160 209
969 861
252 335
713 811
436 134
886 906
583 878
821 789
311 683
152 996
839 293
322 428
93 201
734 377
551 285
630 625
499 808
53 336
865 315
752 136
37 120
723 633
320 36
529 464
527 837
108 67
382 934
255 444
740 305
481 471
851 913
620 38
112 277
809 241
723 855
260 575
500 164
781 75
253 741
59 367
831 965
813 314
596 62
407 681
600 185
323 562
22 448
944 646
192 443
84 889
379 891
775 787
758 969
270 873
253 143
983 847
662 131
115 210
331 945
614 136
874 109
547 65
277 829
979 746
708 468
506 844
710 526
705 946
54 226
55 351
546 138
38 566
24 160
526 128
447 102
91 152
539 876
242 36
989 437
265 235
998 631
492 412
113 977
653 717
521 314
5 233
145 91
213 278
471 578
75 285
517 846
919 750
977 739
961 348
778 314
446 388
883 149
711 392
252 339
9 721
570 952
294 72
174 530
152 51
394 690
18 6
134 688
985 112
325 887
456 866
570 666
807 667
9 682
265 560
877 339
631 868
853 410
340 67
771 395
629 323
867 338
526 355
257 479
240 838
282 119
563 922
984 325
509 438
715 759
771 169
61 473
198 774
233 428
106 162
912 113
420 296
64 338
289 627
550 918
220 45
1000 927
462 22
802 947
977 28
360 453
811 547
261 526
145 785
569 646
163 610
418 170
595 982
980 804
555 452
223 594
191 720
614 683
74 782
988 622
596 911
445 933
764 197
525 865
273 764
290 690
474 151
536 134
475 754
638 581
933 545
809 595
369 36
463 694
135 957
764 427
782 318
130 929
458 274
459 55
128 95
374 134
212 741
105 883
703 942
273 943
511 875
683 868
613 747
652 749
411 57
235 861
252 597
716 228
455 336
722 917
887 333
51 127
877 311
970 363
94 35
166 412
201 831
952 609
827 607
19 650
645 450
263 596
840 706
583 378
549 38
278 975
808 96
2 171
404 619
741 173
671 727
840 593
841 248
25 491
893 564
395 169
479 159
663 879
607 534
81 588
372 69
373 428
309 596
845 514
405 97
746 985
608 938
382 261
242 680
833 971
667 739
392 751
732 11
825 671
441 166
849 353
885 547
408 89
45 348
964 182
896 190
181 172
882 491
275 299
154 756
637 115
4 570
224 624
794 900
119 353
160 1000
218 82
153 302
358 862
472 985
679 80
627 291
351 419
753 224
873 935
15 120
699 751
204 135
604 301
724 812
160 37
416 927
489 831
407 592
449 44
285 627
456 5
454 842
660 609
476 694
885 432
668 52
280 510
513 635
652 608
602 675
608 272
455 709
169 484
867 285
64 222
282 141
807 121
729 220
415 363
645 550
245 2
796 950
835 968
801 872
421 648
44 534
943 822
927 349
178 332
396 411
733 414
222 925
353 978
906 600
488 551
107 335
534 64
868 262
990 843
498 393
582 316
552 383
1 239
663 661
867 806
82 18
391 950
753 47
323 772
396 584
272 454
861 284
814 658
506 809
488 852
72 403
528 942
441 194
564 720
51 831
385 861
967 757
327 602
348 407
544 908
177 601
52 403
894 702
566 702
789 818
21 664
171 7
464 11
561 947
904 988
772 539
699 557
5 244
885 970
561 908
233 595
403 457
726 177
359 952
765 661
108 760
53 265
881 440
131 435
132 152
647 619
743 790
564 187
180 140
930 784
80 488
491 426
959 954
13 796
879 397
425 997
165 161
576 584
938 867
541 431
910 197
682 364
170 664
136 264
190 607
970 163
188 100
597 896
139 552
383 475
877 279
131 924
539 11
634 391
391 697
602 985
326 809
572 177
809 257
757 123
405 342
244 162
335 21
947 399
35 521
642 419
71 767
990 467
745 556
90 763
344 743
920 432
352 50
81 916
615 83
410 414
103 319
178 526
145 923
720 749
721 580
323 552
966 522
200 117
186 40
594 93
857 795
461 82
483 742
420 18
46 532
286 7
294 417
220 287
148 108
186 411
405 891
746 307
803 264
437 10
368 346
815 869
816 909
104 911
227 744
313 99
72 365
246 549
829 197
907 695
371 725
996 915
152 692
834 711
602 246
858 90
531 880
205 986
954 617
795 551
388 119
27 465
319 665
613 51
324 801
164 734
790 894
27 334
688 516
393 360
313 577
406 862
806 71
165 69
147 710
867 119
5 684
722 942
144 960
221 302
717 745
757 99
261 910
50 406
892 625
311 477
536 170
943 136
340 435
948 562
550 346
554 937
477 102
60 50
398 498
193 599
503 822
415 432
808 10
516 493
554 568
311 201
140 969
453 158
281 37
11 892
291 476
741 604
409 905
998 69
908 341
124 562
129 26
224 920
176 27
603 644
452 248
275 673
992 413
794 655
656 856
817 230
157 349
112 988
96 305
778 155
820 562
124 391
752 984
897 319
165 446
629 762
190 366
773 277
246 513
377 982
484 926
603 64
881 358
823 607
717 248
848 105
86 127
685 602
912 982
582 994
290 546
665 982
852 720
854 34
251 219
776 668
557 817
230 887
29 504
982 454
160 393
329 518
790 757
243 796
317 61
9 884
857 24
867 697
627 898
353 265
351 770
137 949
27 72
800 200
144 812
198 243
662 546
297 194
541 639
47 490
696 329
537 948
648 379
581 451
672 353
47 347
37 273
970 983
886 302
227 639
892 891
605 334
715 658
292 161
690 460
694 340
255 557
272 317
978 467
678 967
470 735
733 91
382 443
55 115
714 207
758 566
962 895
135 59
547 139
451 254
768 684
487 740
576 537
275 588
883 227
594 146
777 690
120 356
551 977
145 212
55 646
997 9
926 15
627 4
723 363
774 67
600 972
677 796
751 575
485 455
965 580
234 729
661 452
973 370
542 473
628 79
34 720
318 136
393 343
969 816
643 563
735 110
446 300
735 238
113 331
424 266
723 750
596 608
632 921
852 970
412 379
584 796
861 516
35 609
952 911
93 299
593 995
796 768
688 953
891 804
191 862
934 946
663 208
973 920
11 585
31 922
487 68
568 590
489 859
64 509
412 831
749 514
845 707
402 683
116 385
941 176
887 916
174 225
586 161
288 868
760 148
634 693
448 634
324 197
676 946
936 991
595 194
989 576
484 387
33 573
710 657
694 266
834 476
497 520
7 97
750 525
417 207
458 949
718 47
461 62
347 187
940 172
409 524
765 449
696 568
224 541
600 936
489 623
751 899
332 19
564 533
51 589
660 945
584 459
989 955
494 267
669 61
856 604
605 959
750 56
464 862
368 342
187 778
722 681
118 294
749 128
90 271
790 706
807 864
956 574
526 248
319 602
62 643
731 522
436 422
733 379
874 866
400 945
251 481
819 260
761 79
223 863
763 266
212 508
529 470
268 916
28 414
377 36
250 282
770 843
31 831
884 605
630 73
10 724
356 898
218 943
992 950
330 293
59 353
393 150
357 588
519 72
303 618
733 481
145 632
404 915
962 901
926 632
65 991
344 744
310 461
556 493
849 637
442 189
210 49
447 684
234 187
586 852
54 966
955 137
701 613
741 648
903 233
262 243
9 35
175 770
474 381
577 808
840 38
646 804
371 924
449 570
355 964
432 808
113 757
220 655
973 71
133 768
315 613
542 228
526 745
379 278
531 661
401 584
533 495
755 179
156 470
30 299
267 599
189 410
730 110
610 648
312 59
646 499
762 686
193 121
265 340
412 413
530 344
92 96
860 771
743 650
464 564
874 823
284 199
549 861
967 66
326 334
255 380
334 837
190 745
913 130
577 61
464 850
448 119
815 428
179 201
364 315
115 711
352 659
514 2
174 972
106 910
605 504
297 791
207 140
119 820
620 155
503 817
987 696
932 239
734 151
49 856
679 786
538 162
595 303
376 503
291 78
185 727
119 938
637 553
175 704
326 564
789 324
681 715
888 1
79 609
323 846
140 808
949 526
931 15
883 262
332 512
3 608
480 371
279 727
569 539
230 983
261 413
413 242
399 259
811 963
744 510
45 391
46 928
711 810
967 700
987 2
989 592
670 21
618 362
473 313
237 816
94 715
540 545
225 892
906 183
543 702
949 115
143 44
788 183
359 882
474 316
175 4
904 315
119 82
66 90
347 687
757 732
60 572
77 634
587 309
843 911
290 773
900 94
632 894
356 518
340 234
360 577
732 470
51 513
408 803
498 755
929 555
14 375
643 261
923 53
905 514
86 511
891 761
516 172
210 693
429 853
321 628
140 136
584 32
366 241
999 196
913 793
805 795
409 74
953 645
435 666
174 309
136 758
879 624
93 827
572 719
171 750
311 464
251 604
452 221
436 762
608 27
627 233
78 355
87 899
560 158
135 472
927 844
381 322
642 940
405 946
318 333
375 868
485 228
379 353
539 953
370 36
405 547
416 324
436 911
879 165
920 980
460 53
523 337
483 364
212 950
748 672
659 369
204 50
192 554
66 15
322 165
545 767
640 322
881 402
990 524
864 672
60 593
412 946
796 349
688 638
686 985
655 10
434 442
973 595
268 565
221 627
226 315
813 783
761 550
43 547
463 938
657 803
14 416
456 956
415 472
184 395
23 402
135 692
48 657
304 752
250 148
98 299
934 800
595 731
562 371
784 423
140 221
987 962
696 405
914 436
933 488
153 926
316 510
335 386
808 94
614 566
62 857
943 816
605 337
664 701
790 77
157 817
462 178
491 942
37 534
700 186
500 912
28 895
785 604
73 322
475 338
349 693
666 233
371 101
499 88
669 468
508 282
399 421
955 221
774 371
530 911
106 301
924 699
873 69
336 425
549 305
441 930
449 383
133 973
501 643
638 560
493 31
76 9
415 254
942 796
372 940
621 291
660 801
368 343
497 437
209 633
726 38
655 110
773 126
721 486
481 665
653 633
817 971
805 270
806 89
97 222
866 300
156 806
160 289
144 998
292 294
17 249
715 494
408 650
264 430
504 819
636 612
331 630
973 955
936 627
117 41
451 637
764 612
146 90
643 123
679 873
701 785
745 641
942 37
304 329
50 165
953 844
793 827
704 234
188 827
999 413
847 25
341 482
228 591
300 172
612 981
569 542
188 537
300 67
158 929
1 122
555 575
873 400
512 362
965 448
215 161
43 368
560 166
427 977
599 799
881 136
129 847
332 850
684 255
742 781
726 390
696 725
915 821
953 234
683 433
8 759
116 632
907 681
552 691
952 302
677 676
218 526
278 282
215 602
442 998
204 201
42 252
904 239
111 983
65 181
247 165
89 63
492 204
735 144
545 892
158 483
199 983
791 755
313 688
243 947
321 845
692 884
621 186
568 442
532 733
900 409
79 690
761 335
269 118
472 382
737 694
793 580
701 83
376 282
467 69
361 586
141 188
272 53
160 927
192 252
157 870
265 922
122 373
106 798
268 1
511 227
844 972
602 661
80 929
177 249
982 838
116 506
64 341
287 5
879 607
438 147
556 466
742 493
245 651
907 184
429 308
992 32
522 465
831 553
816 254
980 577
710 734
590 896
681 996
111 20
37 913
441 248
742 862
621 935
253 355
475 809
707 130
377 875
836 294
214 374
533 258
720 279
613 84
228 54
893 292
984 434
919 670
540 593
522 996
172 557
229 940
468 628
707 82
986 233
34 714
915 47
590 495
702 229
631 257
136 134
626 387
790 792
611 301
60 573
901 145
284 181
123 391
743 681
196 828
626 357
80 577
202 252
520 217
39 995
500 505
660 993
344 869
98 317
917 617
917 990
729 482
260 732
545 747
253 624
839 777
115 536
170 880
28 630
323 638
322 855
310 360
115 960
371 362
61 506
176 844
908 21
624 330
419 32
675 499
229 298
158 878
175 852
953 614
384 167
462 480
740 121
533 211
152 123
242 905
363 935
660 185
552 962
592 671
55 561
831 176
781 987
432 576
307 620
553 772
91 197
997 233
431 663
200 718
859 216
976 28
460 133
282 677
262 663
673 28
506 327
19 126
916 752
898 903
332 463
151 901
557 642
407 511
707 301
570 639
132 54
692 14
921 961
329 544
990 815
826 852
891 108
869 914
322 503
605 748
472 24
754 466
111 728
818 887
696 295
145 487
94 2
95 367
139 513
411 292
909 29
736 579
588 732
809 153
666 306
350 315
758 84
305 874
93 203
40 489
79 904
705 457
101 704
174 116
379 994
769 985
741 944
561 266
500 98
737 73
535 250
758 993
923 604
582 307
125 316
434 515
704 630
262 277
474 359
72 13
59 771
958 749
6 782
957 806
722 94
301 834
431 887
175 985
234 359
453 519
592 605
721 895
388 602
211 557
12 522
96 507
404 428
814 627
186 740
977 183
413 475
260 306
371 593
228 462
378 447
358 889
397 583
467 673
241 77
819 531
856 606
971 319
574 1000
575 433
86 198
894 889
273 987
660 657
921 919
649 128
62 175
264 226
952 847
610 951
957 194
27 133
653 713
106 758
783 378
531 277
93 412
882 515
84 193
47 63
250 169
918 582
141 841
773 705
499 586
886 74
909 1
292 5
807 424
780 306
999 190
678 858
438 874
766 750
987 719
516 411
990 470
22 452
969 723
896 573
509 240
707 621
120 81
286 360
344 665
867 839
580 372
965 318
549 71
475 46
97 853
885 631
723 260
335 586
285 289
768 773
434 767
284 639
211 969
358 680
752 959
368 936
518 398
225 741
445 556
742 770
569 328
398 354
825 950
909 36
96 630
523 267
284 285
626 186
788 157
313 251
538 635
697 93
964 340
4 787
778 294
483 52
30 715
783 11
436 358
956 621
39 267
398 342
388 1
320 503
229 617
805 336
380 233
22 602
422 224
596 555
632 868
10 759
304 859
928 101
697 680
330 899
522 517
100 617
339 691
670 661
875 421
268 333
588 774
607 122
170 635
430 457
307 318
933 478
548 733
19 626
706 712
624 65
897 549
201 912
58 619
387 263
36 38
610 415
336 776
709 473
488 723
679 925
168 261
373 468
103 207
201 323
974 838
260 482
380 679
306 574
769 190
733 229
831 552
176 30
103 429
163 872
816 78
530 980
361 167
971 810
660 166
277 774
578 635
831 159
688 231
830 434
21 733
422 467
986 246
859 364
990 534
332 420
946 680
979 997
591 110
877 896
80 292
709 839
543 879
514 855
463 976
308 675
900 495
297 182
433 438
251 427
714 769
956 966
430 485
331 416
580 889
504 876
841 275
790 308
900 668
741 778
813 749
743 364
582 42
144 92
418 663
326 884
989 44
607 397
918 104
861 697
244 229
615 950
582 69
841 77
913 680
326 698
962 971
335 895
953 756
500 651
172 424
449 853
637 700
769 782
872 627
399 496
249 337
495 91
613 260
831 477
686 432
33 368
430 754
716 531
933 85
662 425
578 182
336 463
561 826
779 207
621 906
267 947
552 963
938 420
149 443
427 169
1000 245
674 106
416 326
436 905
829 974
777 883
29 6
213 345
488 312
308 67
276 929
392 190
928 336
877 979
384 514
227 226
1000 290
963 694
195 576
895 691
34 606
60 292
485 823
473 215
570 751
147 658
757 559
959 531
283 82
180 750
217 218
553 336
257 691
331 366
460 586
942 706
690 517
856 447
677 191
164 326
630 241
118 901
528 673
729 288
88 216
785 22
89 641
841 695
4 446
562 448
182 529
865 145
433 497
81 642
852 393
361 658
834 405
607 481
146 512
619 31
847 7
135 715
335 851
373 76
340 571
453 484
71 821
438 88
634 547
543 175
301 816
775 219
257 394
132 802
667 707
341 756
470 984
219 216
312 486
722 209
414 551
730 708
161 199
642 910
807 328
310 800
42 706
220 587
138 241
547 791
935 484
18 254
910 738
510 826
547 833
907 540
692 350
82 612
265 220
100 129
644 360
203 136
463 618
445 203
449 8
424 346
934 96
57 556
103 853
942 623
744 658
31 692
730 461
179 65
819 857
424 120
503 110
516 525
145 450
878 556
990 42
828 193
965 872
342 761
683 457
553 110
585 861
144 21
168 155
225 94
98 708
944 556
410 248
177 211
286 591
583 463
714 394
923 394
604 333
804 159
130 885
239 474
124 187
966 767
291 437
325 470
993 819
850 92
926 281
927 224
289 692
567 25
453 617
58 123
276 438
941 177
741 262
11 131
221 133
884 891
590 981
531 553
630 945
812 454
467 975
194 877
664 367
986 497
732 858
308 229
922 199
686 714
565 955
950 719
254 712
39 36
481 872
82 166
318 101
891 293
599 236
359 843
894 952
61 733
29 383
757 709
260 53
669 911
374 191
344 510
696 64
532 505
860 798
49 927
915 352
991 437
630 287
389 521
339 690
213 853
921 989
535 264
973 891
499 952
714 893
862 77
700 312
187 727
44 692
597 256
780 320
286 649
359 493
128 743
573 151
847 296
785 751
170 922
210 863
856 149
710 16
182 473
75 523
44 474
563 782
126 170
861 13
45 960
125 370
452 966
54 822
443 269
395 110
287 916
823 102
805 727
689 70
750 601
253 31
418 52
515 478
404 7
758 712
689 471
323 81
894 280
471 57
9 450
462 676
730 620
931 511
493 306
973 104
544 968
172 777
907 326
753 454
4 722
78 487
336 2
299 406
543 699
213 324
431 765
187 254
682 861
425 460
461 438
542 481
530 409
68 616
806 298
55 866
792 420
96 881
151 738
670 325
229 571
584 196
90 339
331 103
367 685
221 760
852 579
998 961
359 589
200 926
274 509
259 339
316 768
647 828
637 395
636 857
857 28
145 104
364 116
165 101
801 613
424 417
961 206
653 784
213 873
273 204
112 116
717 649
960 386
374 468
957 95
567 767
514 489
530 800
187 755
259 158
207 252
390 948
507 321
624 110
453 92
454 303
451 567
841 227
235 156
418 660
1 484
425 793
771 136
468 124
118 715
727 731
254 27
40 301
376 133
728 730
515 284
669 363
746 962
999 308
469 576
208 477
556 12
284 898
860 205
185 835
756 398
337 8
786 713
159 467
599 961
910 916
323 218
786 734
822 160
682 543
132 508
557 333
636 330
319 110
301 655
765 426
128 648
950 260
347 369
60 782
78 451
636 441
484 958
226 438
460 802
593 394
423 781
389 141
233 523
808 743
298 201
816 518
981 980
605 968
660 767
905 240
801 295
770 686
57 535
494 572
499 850
649 251
354 83
763 245
545 826
518 535
984 117
820 283
2 358
934 807
652 492
430 6
767 315
17 163
456 669
169 376
671 545
28 549
129 610
4 888
792 222
202 496
386 235
315 179
903 594
887 995
287 185
534 206
666 466
386 400
980 310
984 689
35 161
230 508
266 887
943 531
875 825
894 231
133 117
935 931
701 605
409 837
175 874
345 839
751 459
400 512
77 264
684 496
903 22
462 450
450 410
551 608
455 793
8 200
78 146
604 174
287 642
842 759
475 994
593 187
423 66
190 347
379 270
483 316
746 506
837 961
363 786
896 556
636 108
794 788
389 80
787 47
502 763
543 992
657 704
713 860
354 418
431 517
322 132
859 343
181 847
40 621
759 438
961 507
561 737
186 806
942 905
445 59
122 152
428 943
431 120
14 16
200 982
739 845
9 688
553 587
360 89
678 154
992 765
94 109
520 4
196 901
141 4
131 114
302 233
982 607
452 702
993 374
518 797
248 315
807 865
304 509
183 943
573 227
181 426
376 244
942 40
102 261
49 399
430 252
783 824
351 819
813 325
504 387
89 107
785 428
469 971
272 377
845 628
149 973
206 150
64 763
399 533
951 72
55 439
681 636
667 515
97 357
485 815
651 134
410 522
128 247
789 14
955 250
281 287
979 752
532 584
604 3
197 595
825 730
147 450
239 40
738 857
75 47
307 648
453 650
845 184
149 385
760 880
890 803
911 317
237 840
721 123
544 540
798 897
513 791
110 25
440 5
403 123
522 975
752 750
939 541
769 574
613 590
562 720
731 332
164 731
186 492
792 504
96 965
545 128
985 457
930 602
346 661
590 967
544 472
796 159
907 886
434 208
127 429
731 927
139 644
836 102
620 354
308 580
1 844
610 200
649 924
501 73
801 713
966 141
877 478
115 715
114 778
80 646
118 962
430 62
719 380
222 828
226 291
637 963
861 155
2 112
614 509
550 431
469 894
286 867
419 9
343 702
839 725
556 461
480 408
346 188
125 482
237 744
855 443
76 682
383 574
208 498
405 184
188 568
561 50
876 92
616 631
803 461
920 175
738 650
479 716
262 98
979 652
604 231
676 724
241 463
920 222
775 160
561 796
524 480
466 600
12 716
661 201
332 881
775 305
925 196
589 87
848 479
521 463
333 281
302 792
428 563
877 725
160 817
103 883
470 82
969 268
163 678
939 185
971 44
252 286
924 659
237 78
898 958
939 214
43 797
192 625
779 536
878 425
422 328
811 272
284 176
394 848
252 764
852 947
500 130
985 86
587 390
739 595
878 651
271 475
293 63
170 714
835 692
801 612
153 770
607 88
94 37
226 229
944 824
286 859
213 985
804 284
911 536
537 959
754 655
408 709
151 407
300 563
453 91
382 883
496 754
888 724
335 91
889 51
927 359
32 628
515 97
540 468
410 305
858 871
624 333
988 230
814 926
544 669
510 878
456 62
35 201
538 932
980 497
159 188
876 578
788 684
954 148
756 24
439 860
133 529
261 620
627 269
202 992
21 428
840 98
555 393
923 438
267 949
65 795
716 668
437 77
973 11
223 444
68 687
91 198
556 900
262 763
66 408
708 863
967 962
327 291
427 329
843 833
759 466
55 833
585 94
151 902
962 113
13 609
344 264
548 966
878 325
916 610
648 192
463 513
190 843
145 186
478 70
578 176
120 78
57 579
291 609
505 85
490 643
416 738
240 934
829 82
443 795
82 64
841 444
913 991
573 109
763 579
201 942
82 29
784 987
791 626
790 65
620 192
390 691
12 193
193 988
92 439
268 560
934 736
887 768
818 265
430 963
822 321
559 610
873 303
626 721
733 811
371 22
577 839
814 660
94 230
853 415
965 488
918 963
21 448
685 985
669 500
812 476
119 466
319 60
546 208
233 827
243 377
72 69
938 390
918 656
958 861
233 708
713 754
697 213
271 46
591 753
129 130
426 69
392 205
7 74
910 659
33 237
152 717
616 18
163 821
549 578
87 391
666 814
562 975
212 692
319 752
51 366
434 180
536 994
222 261
938 986
812 951
616 304
35 802
902 704
106 757
52 755
572 506
592 472
683 563
889 362
250 180
912 479
36 815
685 963
662 751
117 388
870 578
232 946
283 350
984 449
605 495
326 144
522 314
897 591
736 465
862 122
847 455
353 903
129 790
503 985
179 575
642 445
222 611
888 379
706 820
176 791
619 509
656 1
315 444
997 648
585 14
469 955
440 603
222 190
332 537
125 78
399 389
718 157
669 335
637 467
140 615
732 457
370 134
523 46
926 57
358 687
812 423
15 762
772 967
555 465
518 231
778 19
109 372
531 664
661 293
586 747
744 165
974 361
484 992
410 975
233 672
881 380
309 251
882 15
459 290
902 864
321 261
639 909
952 417
346 880
780 264
976 487
61 731
388 125
528 305
299 330
284 62
303 258
380 407
290 907
938 47
540 879
869 757
549 759
829 932
164 555
916 538
901 202
411 82
639 624
435 88
130 758
936 22
924 920
196 875
126 748
863 137
773 657
889 262
815 106
49 639
66 567
749 274
329 223
40 134
884 527
961 770
88 146
477 96
336 892
577 338
526 277
819 269
35 282
110 834
254 745
368 680
474 905
93 929
75 666
650 948
120 1
598 663
270 989
434 631
73 397
172 455
523 442
874 57
340 637
803 127
620 596
289 854
417 281
755 967
422 522
663 584
872 681
929 422
893 109
381 185
272 659
437 199
314 370
834 637
228 220
564 662
328 650
76 280
840 449
852 700
377 879
622 375
629 238
411 754
363 733
54 402
384 650
920 876
61 654
423 875
38 222
427 364
946 724
565 14
997 464
312 988
848 254
43 796
985 443
271 603
734 542
184 150
973 426
976 338
504 691
34 478
29 498
179 413
207 555
902 761
552 415
433 602
913 208
127 320
164 478
311 537
921 765
369 904
776 216
193 378
583 77
530 91
731 998
109 966
40 211
368 192
973 797
631 833
328 4
933 511
631 758
615 717
784 865
892 770
533 682
753 588
115 599
960 162
301 406
653 65
654 426
309 955
917 700
390 724
286 389
689 61
586 866
723 321
863 968
500 953
905 961
948 929
383 588
63 578
157 537
803 53
590 881
86 528
876 722
536 301
185 833
183 346
314 167
668 826
512 342
489 347
772 776
590 19
708 186
102 665
431 957
919 984
276 846
777 999
760 681
356 28
319 104
712 268
949 33
146 718
916 414
989 800
436 59
649 398
482 329
100 232
321 205
379 51
7 532
330 661
57 827
145 70
673 385
507 855
972 187
222 302
761 696
869 525
818 529
800 12
251 362
454 845
541 315
572 471
135 691
445 503
306 95
326 26
173 397
499 739
526 290
725 616
348 772
732 411
103 832
706 958
547 510
286 598
309 927
1 454
681 356
168 305
810 640
745 919
118 725
549 14
76 781
277 562
889 890
121 480
400 755
186 172
335 973
67 355
515 395
167 903
846 507
224 838
632 67
150 434
10 193
159 288
362 700
76 578
756 492
837 560
890 922
655 512
977 26
264 731
997 87
251 861
432 913
824 499
592 895
4 517
263 548
285 236
455 747
953 66
256 286
864 611
904 410
9 250
153 877
894 899
536 197
13 398
409 283
549 577
894 786
221 944
22 131
99 460
887 127
7 705
47 884
618 976
730 182
882 861
170 353
578 98
747 627
389 897
874 989
71 35
723 656
151 139
965 563
655 267
948 263
298 942
473 668
368 185
922 742
596 497
745 985
249 138
981 185
361 960
567 688
528 640
965 853
88 630
435 394
199 537
629 280
339 102
746 420
841 296
364 499
629 393
814 245
852 424
481 870
676 254
718 593
383 363
979 39
766 381
698 901
220 65
2 908
242 521
719 41
866 591
650 608
337 283
410 409
451 303
607 740
663 694
336 733
262 245
798 459
999 382
267 129
609 256
348 300
391 166
244 365
928 864
780 961
285 317
750 563
436 703
55 343
500 518
708 99
848 358
497 776
794 596
545 346
894 733
199 505
220 564
100 66
401 467
111 322
575 243
579 244
856 911
329 817
365 51
826 583
311 816
207 816
706 197
302 732
527 493
42 881
142 901
553 610
75 482
991 144
169 873
377 654
416 990
400 435
661 728
243 777
62 335
985 120
895 965
962 84
459 865
388 291
501 166
563 343
231 509
913 132
917 852
311 613
403 934
246 154
748 56
566 969
817 4
425 691
477 404
690 193
999 841
382 853
421 647
850 507
776 490
80 791
541 694
265 875
412 974
209 254
260 682
597 655
232 845
672 570
664 762
992 199
884 861
922 190
462 239
67 541
344 714
438 148
721 520
25 49
534 498
58 427
901 917
480 265
524 188
313 630
444 771
15 680
436 659
111 19
594 459
834 634
561 786
561 82
417 122
897 304
555 316
149 419
377 878
720 618
20 176
275 646
220 332
25 542
564 437
786 923
753 340
698 319
347 391
405 747
741 318
510 960
649 482
30 555
569 187
229 490
11 171
558 539
164 584
518 128
212 348
701 219
886 148
388 263
248 552
925 552
479 523
195 791
429 830
467 247
108 131
951 601
900 265
60 126
677 961
625 334
374 346
639 218
585 610
684 555
480 233
376 426
598 597
437 846
179 969
439 11
226 436
961 527
413 620
505 763
30 100
92 429
954 432
996 811
539 999
907 264
515 430
685 98
817 170
30 169
361 246
931 190
590 993
96 357
205 445
958 581
375 973
11 204
158 13
589 230
238 319
167 961
99 535
315 562
725 823
724 734
567 551
513 947
54 349
419 752
756 687
99 612
906 194
293 524
920 986
775 420
816 731
122 574
947 515
706 568
573 114
311 952
593 399
920 841
407 389
506 320
566 474
143 447
95 48
467 599
489 807
381 881
365 140
84 468
964 784
342 900
4 245
917 602
540 967
8 240
762 851
431 214
972 410
925 703
943 107
676 406
810 476
93 45
596 333
563 60
344 838
37 173
19 686
701 918
44 639
463 71
546 985
785 155
14 631
335 57
909 250
382 252
202 334
884 870
442 305
96 654
504 106
380 517
235 266
258 351
102 126
983 963
984 547
515 381
591 14
956 409
443 310
529 585
522 899
243 37
150 435
686 353
512 644
436 676
976 488
82 300
979 582
48 484
731 185
243 323
281 546
980 868
751 27
590 159
367 802
323 713
699 549
426 67
872 47
726 350
543 636
779 272
656 784
824 210
425 265
647 722
190 11
462 812
249 747
416 68
535 941
612 32
82 135
961 504
375 394
959 827
179 423
950 944
21 868
377 354
640 578
878 726
701 359
867 67
399 512
891 857
209 616
530 17
203 379
272 944
709 573
911 557
468 803
239 802
443 263
59 408
504 825
126 464
456 700
255 52
559 460
338 320
395 779
89 530
314 681
590 824
426 943
82 22
582 118
96 608
559 290
282 314
853 961
586 204
77 455
717 950
116 19
512 578
880 624
534 471
77 344
172 108
174 486
723 267
281 284
251 538
237 547
589 334
426 370
694 11
534 672
403 158
920 116
133 777
9 315
998 413
285 94
930 149
276 439
630 804
538 606
685 733
746 477
450 14
346 543
293 708
848 389
423 833
372 799
467 817
13 709
580 133
473 448
806 258
111 434
282 742
262 592
244 550
15 184
790 886
451 54
812 518
330 829
777 506
139 785
957 40
269 142
877 185
44 914
260 855
43 609
320 234
140 445
820 303
969 711
516 32
458 40
648 504
226 220
173 579
446 969
710 362
32 909
383 22
348 516
151 396
210 712
359 489
348 862
266 601
813 277
279 409
853 628
737 27
334 443
634 645
27 593
926 607
799 215
140 848
859 616
783 910
879 613
435 820
223 897
871 193
250 765
489 67
642 161
456 148
298 635
480 266
427 789
181 302
112 207
205 408
777 751
17 776
360 351
471 53
332 797
812 23
174 966
492 731
147 336
792 27
817 653
404 353
650 89
523 211
587 961
327 683
954 819
167 2
26 946
950 486
764 222
588 268
797 56
484 789
62 758
825 183
809 602
424 760
721 262
482 274
924 189
182 200
503 136
215 628
937 318
635 73
748 1000
269 289
109 162
381 989
447 875
645 134
361 893
807 694
991 405
188 454
47 13
566 827
990 87
875 277
109 597
936 431
762 129
391 385
306 155
382 886
58 520
330 277
596 8
266 637
196 766
178 417
785 335
354 471
951 382
475 417
292 169
923 964
875 960
367 977
957 570
432 427
840 312
15 888
709 735
241 829
205 346
957 939
997 718
764 719
476 99
1 11
239 143
223 778
176 63
250 896
608 18
171 372
281 468
68 594
907 440
419 610
738 796
897 814
232 245
855 439
591 617
224 521
977 77
65 523
543 266
671 449
251 800
593 125
939 9
261 45
939 193
927 435
76 28
995 270
778 360
372 855
636 36
820 163
983 305
630 537
783 959
385 882
995 159
473 108
621 457
89 200
402 151
541 136
246 438
125 282
85 124
394 883
839 423
805 275
952 185
660 618
178 774
180 219
355 282
1000 709
770 605
273 19
737 534
990 928
863 178
475 375
973 686
108 81
164 323
38 364
904 794
210 513
550 651
718 857
535 445
222 872
326 826
607 351
24 258
813 716
995 569
870 903
836 627
429 195
529 157
817 996
917 734
153 129
46 436
874 349
968 468
984 693
2 934
645 848
980 529
942 242
818 260
837 504
654 678
811 725
421 769
206 41
813 127
45 149
543 170
681 945
876 673
659 391
650 684
232 307
12 433
998 949
641 39
837 339
862 871
974 93
171 336
924 690
452 335
971 745
258 896
100 473
708 152
67 16
443 441
974 383
833 633
831 210
747 835
21 528
5 251
371 599
214 35
786 992
380 287
878 10
455 207
322 448
4 805
691 613
798 843
650 347
195 658
835 450
47 480
344 487
952 230
383 249
260 237
243 815
427 841
579 533
666 621
362 644
369 965
830 858
152 797
925 638
840 982
662 627
406 317
615 561
192 969
890 16
467 193
213 813
822 885
473 976
499 111
463 181
230 736
782 827
36 953
164 246
93 184
636 722
767 424
804 422
155 311
650 780
871 510
269 702
970 797
240 562
349 496
63 678
470 684
125 163
129 388
918 132
442 69
776 701
286 338
453 451
685 24
79 313
318 579
72 41
626 752
236 868
86 606
513 216
216 759
771 468
629 296
94 836
362 605
7 867
873 187
357 490
332 216
742 919
229 800
142 873
255 800
54 437
475 736
424 910
811 10
555 240
647 561
63 318
989 715
319 640
303 271
52 13
900 211
539 565
678 559
155 268
673 335
431 427
605 780
181 720
39 662
795 860
482 81
626 376
792 666
740 752
189 86
338 624
446 639
566 860
532 740
409 427
66 562
819 112
912 318
415 645
539 778
481 9
62 574
376 289
766 594
253 613
434 897
776 594
585 771
724 34
853 642
325 57
315 255
649 755
602 709
311 107
480 45
962 993
672 939
451 380
931 934
400 686
419 154
917 391
816 358
444 575
417 429
326 703
111 831
936 927
263 170
253 26
346 364
185 810
862 940
314 142
503 231
699 337
349 920
333 51
147 339
522 141
9 342
284 470
906 801
911 285
648 635
960 829
834 794
636 402
138 773
151 622
471 651
788 191
661 439
464 347
851 793
307 823
540 735
744 930
262 573
356 296
271 257
735 364
694 578
207 647
43 686
136 28
908 746
708 660
839 450
916 569
647 827
173 644
286 957
855 564
308 681
41 18
180 286
778 905
606 245
203 258
22 858
711 302
979 421
247 597
585 574
434 978
58 934
511 192
154 501
448 218
726 557
178 463
343 907
606 23
516 315
40 500
115 600
957 343
433 27
487 424
898 103
239 571
365 780
576 117
1000 334
979 112
942 100
157 756
193 699
429 268
469 798
571 330
366 698
148 489
535 239
900 952
558 52
201 353
419 182
846 371
774 508
97 304
12 319
909 519
452 182
797 550
708 391
33 665
238 236
57 275
419 404
591 330
722 231
850 944
907 443
266 1
43 592
628 205
924 734
104 929
546 200
659 669
146 698
698 511
302 68
708 820
178 777
693 41
808 861
700 859
845 350
422 497
149 195
189 474
482 324
63 481
356 381
54 10
751 852
256 125
366 306
30 771
324 866
882 820
89 120
18 68
181 520
277 841
541 312
302 500
711 104
180 751
827 663
511 902
841 659
832 271
61 83
680 645
139 681
446 567
141 27
457 268
296 92
762 51
190 568
201 961
771 461
629 257
331 578
539 57
278 79
390 917
282 2
945 450
211 960
35 326
788 776
297 455
460 949
789 958
193 534
505 292
154 489
453 204
155 738
511 474
918 14
712 557
499 258
600 343
345 936
913 654
755 757
662 3
24 659
103 653
23 991
453 494
607 653
918 872
335 974
637 346
249 521
805 746
607 786
614 106
358 308
361 208
896 229
474 273
601 677
846 105
388 577
534 666
8 628
542 241
889 699
85 618
730 881
487 886
56 864
59 599
975 941
264 685
350 309
949 2
916 445
954 744
39 62
807 197
977 825
450 91
712 442
623 204
57 235
78 595
29 149
125 716
697 443
114 351
646 268
43 857
583 867
765 540
204 178
562 602
29 439
700 716
577 191
351 828
114 792
69 523
431 244
809 988
356 206
978 957
29 32
237 226
982 737
625 356
186 894
887 700
155 572
107 474
491 215
53 836
735 888
793 737
334 643
260 546
101 668
339 107
73 804
221 291
214 964
89 897
921 913
989 110
804 489
906 610
859 526
572 937
955 19
524 4
926 752
610 328
594 473
822 289
618 202
197 280
693 572
909 591
310 228
585 251
634 944
755 458
641 2
811 990
523 34
304 315
234 469
290 451
143 665
419 573
441 85
171 460
778 124
668 777
836 458
532 67
113 893
78 397
843 559
626 181
539 790
545 441
817 700
13 707
53 194
388 121
209 460
337 535
527 494
251 201
472 778
238 817
991 157
4 937
407 316
472 185
166 141
23 268
653 537
133 348
320 381
49 913
728 690
490 549
562 721
523 861
356 762
252 955
883 951
679 598
757 914
776 143
901 158
165 941
459 576
830 593
279 181
639 291
969 307
823 440
206 426
705 281
409 196
818 24
599 465
343 599
951 276
975 146
939 984
836 948
999 40
657 303
20 537
562 228
291 454
76 848
188 582
915 669
737 251
404 158
172 82
157 418
880 749
664 778
404 13
317 56
447 425
638 948
398 526
396 921
347 77
720 481
300 317
677 925
863 998
920 82
404 355
347 874
845 40
369 503
351 291
817 591
52 204
753 329
237 184
533 379
243 603
537 11
985 270
768 807
612 107
835 721
963 707
640 750
790 784
512 354
169 842
557 807
360 571
400 402
916 570
900 71
313 619
423 730
83 637
448 398
213 130
885 518
847 583
574 133
540 109
722 904
834 334
710 453
360 729
161 920
182 738
665 388
844 699
911 747
596 308
135 728
737 746
635 647
478 280
706 551
763 442
286 751
128 729
625 445
418 537
850 474
802 665
106 890
639 84
590 552
737 948
937 801
421 521
727 721
818 143
452 913
935 804
352 5
617 543
444 621
650 785
895 284
97 311
29 554
125 385
183 289
591 164
336 664
838 842
46 747
570 481
565 809
461 16
9 407
500 714
582 632
242 897
64 885
656 521
916 43
609 559
683 352
280 752
464 26
82 617
212 840
217 758
275 18
963 897
116 395
86 976
837 888
826 395
720 122
114 425
703 67
118 417
65 811
765 646
603 215
217 912
437 667
462 838
377 730
752 442
315 635
493 852
207 129
8 100
869 521
874 997
545 835
319 552
602 404
820 451
970 464
143 350
644 145
972 262
331 563
481 741
562 518
585 767
26 94
460 577
745 993
706 361
448 25
340 31
948 478
41 158
276 971
227 679
195 315
748 3
681 78
64 88
463 64
469 735
697 820
862 414
274 927
331 722
500 251
435 625
55 139
607 494
940 723
262 483
984 695
16 249
310 511
438 160
168 452
352 33
853 923
784 254
859 594
92 35
771 904
295 510
425 587
371 108
500 776
350 955
332 577
370 268
764 604
855 375
681 804
651 76
410 722
390 774
34 70
605 250
225 721
82 698
547 796
472 610
57 8
578 698
885 814
669 273
891 417
299 334
551 205
368 610
60 808
982 203
435 709
215 728
398 424
792 371
960 917
345 39
497 428
423 956
27 383
711 297
713 928
661 704
386 530
899 132
293 292
138 655
692 234
490 974
91 741
330 919
147 695
443 604
80 626
299 912
43 754
874 722
251 507
624 895
507 597
491 424
771 266
644 4
826 995
79 673
995 1000
987 904
383 70
423 504
781 238
19 265
350 287
909 138
665 145
642 263
252 725
878 785
904 534
83 113
724 102
174 152
432 279
583 452
417 677
736 176
791 283
81 624
681 593
818 343
158 652
548 60
987 628
976 739
738 514
758 965
446 712
870 131
284 802
29 416
205 352
225 418
44 162
709 144
451 160
949 929
732 87
346 406
148 128
42 911
833 904
577 806
105 37
488 187
909 735
362 668
570 644
94 955
834 530
768 908
896 113
665 2
664 205
647 508
157 144
52 378
574 707
638 714
640 485
406 800
833 500
906 360
543 605
433 966
506 276
267 734
794 970
460 197
834 982
854 29
213 395
470 298
167 886
332 271
199 9
728 508
467 528
179 388
566 560
757 639
792 621
246 508
446 658
985 124
217 234
398 849
481 301
75 853
203 280
284 195
528 593
827 329
291 909
791 888
184 571
439 285
900 273
518 864
614 661
631 745
11 570
374 370
446 863
412 603
16 404
254 260
273 507
899 91
996 989
524 884
583 283
415 421
491 835
588 627
81 707
478 374
404 953
816 393
615 27
796 663
472 732
983 535
36 268
666 135
281 163
600 447
715 862
794 632
444 680
894 432
676 835
881 983
2 654
314 140
777 748
135 494
525 546
927 850
931 279
875 229
37 189
724 710
929 298
841 614
200 378
555 304
938 456
281 543
484 50
697 167
954 830
4 729
464 462
156 268
103 873
74 901
636 3
303 444
727 742
308 486
809 607
937 402
593 304
62 13
281 938
303 301
397 280
950 972
437 567
666 867
556 595
833 242
544 395
619 705
555 873
199 29
278 468
904 3
320 346
374 13
66 882
678 85
422 354
761 385
388 259
193 381
89 316
292 359
75 881
889 293
302 184
620 467
350 538
920 829
249 55
446 891
88 371
126 495
491 158
429 857
425 572
217 796
783 713
309 902
537 675
945 134
49 457
971 391
292 827
511 433
594 871
153 91
92 88
93 817
975 407
284 874
582 351
237 710
254 252
399 274
441 321
337 240
157 389
180 602
219 244
738 281
223 185
395 353
896 138
384 990
537 136
295 136
703 799
445 763
137 314
907 266
696 551
220 585
591 618
725 932
453 367
176 495
677 769
163 763
916 411
935 73
268 890
398 461
226 748
62 94
545 96
673 43
12 931
420 540
555 75
8 406
816 573
490 856
109 242
237 445
899 582
629 161
259 295
5 311
905 249
213 52
469 154
60 74
611 449
408 922
939 470
190 925
514 674
162 275
952 811
239 933
390 873
464 901
250 154
515 657
13 956
870 600
851 697
502 380
486 849
295 949
580 837
174 18
657 468
878 890
383 440
12 104
328 301
37 395
476 125
258 424
331 674
244 193
943 939
264 784
737 64
617 762
954 195
884 126
921 58
371 111
713 90
401 942
370 269
758 664
318 565
907 72
216 987
267 233
850 914
815 996
45 436
232 325
73 712
731 189
971 746
988 772
402 675
349 990
647 411
651 988
252 15
856 777
746 485
773 868
551 204
551 296
494 167
342 698
177 823
768 382
716 412
347 451
761 893
616 24
725 666
677 519
41 317
350 817
152 578
321 93
394 643
726 822
468 907
605 854
496 116
938 855
526 118
147 552
344 8
400 362
705 17
321 744
982 743
207 279
222 184
510 523
338 429
636 638
782 830
201 995
24 932
762 196
726 619
895 96
145 740
787 725
893 63
940 545
233 419
675 340
583 455
862 266
416 519
119 987
978 398
154 892
497 197
374 979
4 620
141 594
422 913
349 751
63 897
391 910
269 692
720 616
833 911
741 270
478 956
926 400
63 195
122 653
851 52
422 627
261 319
708 104
142 594
414 215
557 381
261 320
609 499
492 514
113 883
375 215
73 817
772 739
590 366
996 1
699 987
655 182
877 770
365 46
113 93
613 792
985 154
674 908
532 274
368 365
995 714
811 301
691 755
854 141
615 927
346 668
813 828
62 368
776 411
94 661
668 112
653 740
397 38
68 445
70 969
516 179
351 560
891 583
585 912
69 271
568 674
254 261
356 144
666 371
151 505
407 851
58 308
769 748
71 582
199 525
862 343
535 87
386 170
577 709
268 138
453 836
542 736
580 435
562 226
598 812
512 947
694 431
788 544
148 327
855 837
991 791
775 874
135 203
909 992
487 756
494 258
275 572
846 389
885 417
922 349
615 248
599 727
160 652
822 434
806 791
418 76
530 403
777 531
63 778
840 77
609 656
479 602
926 31
241 337
367 241
941 134
545 377
945 519
251 792
233 757
90 150
532 97
545 490
163 687
423 865
375 40
465 168
424 764
836 969
778 707
156 211
284 30
450 816
549 516
622 970
753 169
277 961
459 34
83 910
66 192
982 466
955 22
99 152
226 579
963 678
990 680
965 182
652 625
924 462
213 881
394 957
277 963
934 819
916 794
136 716
377 120
909 495
986 674
623 811
420 12
573 66
481 42
675 526
433 143
272 11
663 49
386 31
207 117
409 166
571 478
152 925
187 489
766 25
5 840
357 905
124 459
733 62
590 601
442 137
979 994
763 779
417 477
789 365
37 712
793 106
900 842
101 261
501 299
842 505
680 468
598 139
663 757
86 554
676 864
937 928
555 625
579 375
652 736
915 921
771 733
314 272
915 757
285 401
327 762
354 692
708 823
301 647
488 402
626 872
879 174
755 372
630 864
525 543
838 797
195 301
358 843
398 466
91 844
330 524
384 620
459 224
703 77
389 245
137 661
543 532
360 891
181 883
899 568
587 80
705 889
910 472
164 538
416 293
242 466
3 456
24 506
730 335
35 680
877 236
669 655
364 961
716 174
151 893
285 759
718 899
94 121
652 533
411 129
50 451
217 338
934 75
340 392
348 659
47 259
912 136
895 79
308 861
572 162
297 452
351 665
62 836
654 392
72 964
948 877
823 275
236 719
510 58
10 518
525 421
874 345
68 272
269 119
385 42
371 193
776 645
462 40
365 791
581 94
410 799
488 931
74 17
434 569
733 179
260 929
371 110
67 361
656 314
751 467
272 563
419 292
393 705
953 505
555 605
607 212
519 62
160 547
733 966
972 642
223 437
977 122
149 373
298 849
816 926
854 698
693 360
397 923
840 680
829 888
650 29
467 939
319 906
569 427
199 416
668 162
873 128
797 75
587 571
403 468
186 972
544 726
854 503
398 89
659 509
274 27
517 237
933 893
290 977
94 315
773 900
498 588
156 906
543 814
514 788
843 64
165 84
808 934
472 510
435 242
455 271
41 111
936 5
782 702
652 569
175 252
839 165
790 427
791 966
539 105
616 612
213 922
99 751
974 551
41 777
278 110
800 490
71 605
643 100
352 481
597 757
102 317
712 577
149 868
278 840
818 341
305 110
966 481
591 120
462 4
806 921
533 831
291 444
519 37
485 513
225 416
634 588
673 692
732 81
647 216
996 462
941 315
871 958
436 645
663 914
706 140
560 81
465 147
599 784
11 267
217 530
845 176
594 368
325 504
232 49
986 454
125 794
510 107
243 467
480 943
820 833
111 328
246 673
816 664
446 39
854 416
177 850
731 411
270 209
753 307
221 893
510 942
829 638
632 656
213 393
565 164
948 92
623 338
294 702
523 624
565 213
807 824
408 932
304 853
1000 754
660 558
278 441
117 335
902 679
482 220
621 432
190 612
142 978
36 842
678 265
934 871
313 927
61 265
814 313
871 312
1000 831
782 795
607 258
795 412
35 888
50 237
455 934
494 622
421 530
540 456
193 723
291 122
8 27
137 832
376 114
656 100
215 395
253 820
549 487
935 914
113 961
978 115
926 723
659 820
966 720
589 523
46 355
794 353
23 625
816 233
746 102
548 304
328 979
435 985
891 909
263 692
216 771
480 988
211 680
342 438
180 716
273 605
148 664
217 776
481 899
51 401
766 849
80 143
30 557
846 659
795 911
765 961
201 638
588 126
482 169
776 112
260 161
338 705
672 33
710 425
251 308
516 114
631 937
429 935
531 343
718 983
476 454
748 254
908 859
654 147
749 751
736 690
645 333
221 438
5 917
909 127
453 67
681 480
572 332
741 816
813 739
335 35
656 162
785 322
179 975
642 461
576 823
850 360
353 960
528 492
585 237
353 817
465 287
463 316
144 846
589 606
129 448
558 427
194 742
140 704
631 307
115 152
812 210
940 927
301 851
766 153
788 283
935 660
314 174
647 32
389 304
651 37
836 111
160 536
34 33
931 309
471 468
698 8
37 954
777 927
172 855
157 165
584 111
954 865
651 771
191 90
284 296
251 807
158 273
517 982
241 205
427 304
7 938
750 446
643 768
200 630
644 495
227 159
63 493
484 822
123 94
804 789
532 356
994 743
406 601
687 568
445 189
764 477
90 316
754 231
169 171
955 964
133 256
669 846
995 412
247 870
114 537
558 702
748 856
565 446
951 917
255 312
679 394
317 197
446 571
181 958
322 637
514 595
179 908
554 816
113 416
757 855
973 826
724 384
961 850
709 724
878 629
250 267
640 777
690 101
222 877
761 253
45 716
193 633
235 226
183 834
810 760
120 866
638 420
412 780
362 227
763 697
604 355
822 686
913 642
149 944
956 288
7 438
693 19
447 703
196 509
967 916
732 223
771 909
520 651
98 907
779 438
263 89
983 846
603 838
499 213
689 389
564 823
105 78
694 182
987 184
755 900
757 502
742 130
245 874
671 130
531 535
238 477
55 207
169 698
497 869
409 543
323 161
16 727
848 256
519 223
588 450
555 139
403 102
985 333
924 988
455 780
308 41
826 426
460 220
18 252
929 931
810 102
683 252
835 457
764 481
368 466
331 38
855 523
39 638
632 962
173 712
389 539
965 572
749 405
400 364
936 334
973 431
810 299
297 244
61 115
502 303
395 547
801 548
732 712
934 888
97 839
350 371
348 199
528 647
877 386
625 489
169 323
213 522
843 399
184 347
649 730
661 727
249 862
729 548
87 545
580 248
905 945
728 748
449 214
645 959
980 450
799 142
625 821
148 284
591 232
386 409
888 97
581 962
547 78
399 397
419 451
759 779
689 417
513 170
585 19
328 775
349 911
959 298
160 576
290 479
590 82
367 223
828 835
450 735
398 361
592 850
204 392
836 195
286 926
881 372
403 386
186 638
830 319
298 84
340 786
855 856
177 849
711 377
324 791
751 648
612 194
740 415
388 500
486 481
66 250
606 480
701 276
89 436
951 940
697 693
243 959
652 591
585 692
365 624
826 898
331 288
316 84
814 463
523 942
784 750
452 628
948 401
386 902
746 528
144 220
92 674
364 447
589 855
737 940
478 578
67 629
12 50
50 893
13 327
145 599
97 806
884 932
997 579
814 907
562 224
448 512
710 808
533 993
864 408
58 451
224 39
903 179
462 97
500 988
569 949
185 956
771 965
285 361
935 755
920 184
315 702
901 296
237 513
533 52
845 194
112 970
135 376
621 923
68 813
472 686
223 579
314 493
815 783
459 361
975 865
264 873
502 649
985 737
512 31
307 909
811 109
693 65
19 110
460 228
890 401
7 753
30 530
949 280
54 504
809 749
916 599
666 878
39 288
714 594
142 27
627 995
277 816
792 588
544 509
191 586
93 424
421 497
982 985
924 456
160 357
415 727
40 219
866 91
939 653
28 420
468 163
390 536
738 1
900 752
938 591
776 318
307 523
943 178
594 517
576 219
81 659
957 338
631 639
926 899
965 935
433 30
896 722
344 911
201 10
115 972
225 156
281 98
714 456
73 448
494 354
628 278
336 638
353 816
910 195
157 608
875 855
785 611
269 594
737 170
132 930
793 104
392 783
266 808
139 42
380 734
16 959
903 36
206 269
953 483
937 934
299 177
989 534
522 219
617 95
67 58
770 85
146 695
733 529
935 501
133 843
928 397
416 337
641 746
399 8
792 236
744 229
412 133
911 237
293 646
51 492
935 168
960 572
528 15
910 478
308 372
630 435
151 782
895 565
493 737
296 291
207 535
84 322
575 470
74 376
64 190
1 643
222 195
834 449
356 781
35 508
934 940
683 748
925 807
857 657
785 156
490 426
292 100
439 503
644 608
616 951
159 101
804 110
805 947
970 441
318 990
870 155
976 261
675 784
500 832
197 835
179 712
367 375
334 100
872 556
637 341
31 460
77 318
928 860
11 144
808 505
486 498
567 447
947 900
388 590
279 899
104 883
661 167
865 594
647 404
150 660
211 934
603 504
450 443
455 357
462 533
194 143
266 256
547 657
155 586
329 908
972 866
39 53
646 231
867 125
335 553
612 715
367 521
192 515
544 744
178 618
678 807
117 599
852 542
669 928
980 686
322 269
160 80
704 622
761 604
134 708
191 573
782 112
97 612
498 733
496 631
360 646
610 826
682 351
95 294
478 186
706 329
464 868
911 554
643 328
2 320
139 678
867 294
5 603
626 915
212 113
784 786
785 239
184 658
631 694
196 685
72 915
235 945
445 288
709 531
903 424
410 207
526 507
116 913
809 387
476 565
136 883
234 43
50 809
469 977
275 948
497 708
866 583
835 847
362 998
73 361
756 42
267 945
98 940
814 846
798 307
949 941
239 18
181 467
254 827
770 304
475 58
793 209
650 330
906 976
923 850
711 935
712 31
713 298
238 271
185 129
855 388
103 611
509 712
294 444
224 600
522 147
65 580
228 176
708 250
376 643
53 43
950 299
582 712
262 809
108 557
768 174
536 186
935 18
688 384
262 696
856 919
303 420
636 673
786 830
18 340
262 587
748 620
394 723
327 115
265 251
658 407
492 193
60 413
425 8
544 466
377 263
928 113
801 485
948 380
554 215
118 62
631 452
181 951
127 292
164 306
260 743
154 360
528 597
47 487
583 241
107 184
318 431
770 910
737 705
486 796
878 838
16 39
235 173
922 23
10 589
429 5
802 737
440 802
19 973
370 543
499 449
796 659
161 427
733 72
20 661
289 350
497 736
44 243
273 689
546 621
619 353
729 801
426 575
470 579
550 864
845 880
911 766
719 811
423 478
577 774
634 977
485 97
841 665
682 671
280 135
844 863
324 688
660 170
533 420
627 57
789 778
668 717
428 406
512 97
217 669
379 889
388 99
63 122
198 663
470 104
146 370
735 436
539 713
26 812
682 211
26 863
463 646
670 432
660 750
635 78
1 900
532 416
934 84
645 143
688 686
302 482
378 76
680 750
539 309
8 171
62 482
795 952
143 615
891 759
286 833
495 725
889 410
102 409
670 927
13 392
141 211
165 733
774 837
153 829
316 351
301 397
620 237
895 37
862 310
336 834
779 686
214 769
31 181
54 894
864 310
671 997
768 524
842 999
121 615
543 812
975 256
381 227
114 841
205 437
134 115
82 320
10 165
802 201
231 609
894 291
560 829
328 832
721 927
684 37
64 842
764 795
215 208
898 711
919 979
370 86
923 729
51 721
911 383
748 868
226 633
527 271
873 429
562 846
506 328
95 926
132 148
924 152
289 407
911 697
367 714
528 864
502 39
342 924
456 859
623 517
10 991
26 597
281 477
1 785
274 359
661 905
98 99
135 682
25 258
448 30
183 702
511 29
334 574
473 426
892 712
308 937
183 815
586 624
13 128
832 35
390 911
743 311
583 334
452 732
352 472
480 141
499 667
705 452
174 129
909 242
956 1000
171 909
614 435
172 354
300 815
710 998
604 381
188 916
157 579
304 185
987 412
862 588
955 122
573 551
906 682
548 251
850 790
827 420
832 542
814 674
15 635
241 572
457 719
223 740
775 77
428 312
637 438
90 811
623 826
471 506
738 827
413 52
530 675
350 648
647 292
464 507
719 557
963 979
215 870
460 814
938 287
154 449
428 749
927 709
808 831
38 884
259 617
977 844
630 71
81 633
604 230
398 92
330 702
882 963
627 479
692 64
588 49
274 425
576 553
575 309
557 874
105 827
19 391
692 870
285 728
144 12
331 262
4 352
832 353
5 713
955 771
925 1000
433 490
899 213
956 898
888 568
634 860
144 242
459 555
45 814
743 347
761 927
433 212
509 417
953 123
457 222
165 661
6 667
334 308
233 423
72 995
845 664
573 361
187 18
665 559
797 853
706 778
699 447
166 912
135 227
299 281
619 388
451 278
676 965
825 517
594 962
55 392
97 370
462 442
432 249
324 447
698 236
935 713
498 374
667 699
279 817
907 104
894 488
881 959
498 457
872 710
802 241
203 612
562 875
670 40
824 408
204 394
837 938
384 696
995 510
171 224
289 611
303 423
398 393
829 635
976 465
886 628
119 95
375 497
910 484
783 30
640 280
156 122
514 836
531 94
165 228
458 382
411 44
104 458
531 207
520 92
792 737
281 199
829 723
165 966
402 504
61 149
77 629
856 67
729 251
822 808
677 123
364 298
663 184
903 745
279 179
373 20
670 928
589 964
970 70
166 579
176 719
858 999
729 405
749 554
828 479
421 543
5 848
671 883
145 597
738 460
665 791
525 490
509 20
547 270
175 721
823 197
991 787
633 339
45 69
538 962
333 202
92 807
552 694
400 579
243 229
612 935
120 344
525 605
413 195
402 596
798 272
205 97
300 315
893 212
207 534
242 998
219 314
760 518
797 415
378 393
790 968
23 704
815 623
742 517
696 989
215 671
165 422
901 114
540 726
264 73
137 221
52 1000
345 98
716 55
682 99
421 157
920 532
498 512
764 299
782 190
400 392
921 858
874 679
977 694
743 735
299 590
925 654
486 588
821 973
532 528
330 936
118 27
134 796
51 78
566 819
951 547
930 833
84 178
279 102
835 846
620 456
268 501
487 195
804 263
770 915
862 21
593 768
680 812
720 475
247 707
433 131
880 244
899 442
830 710
524 789
743 355
746 645
509 361
534 218
457 150
899 459
525 445
323 765
941 205
524 123
83 157
802 629
489 150
197 877
35 30
956 398
841 266
443 293
824 788
346 472
201 507
292 518
495 249
888 155
251 621
388 949
125 12
517 672
388 596
395 383
744 442
281 476
419 707
237 995
989 532
901 715
920 5
759 610
121 782
416 484
362 608
453 823
312 309
241 369
405 564
67 205
552 863
699 528
4 698
132 375
5 143
977 214
305 910
215 818
825 106
863 742
366 330
833 439
979 308
906 301
609 36
416 49
147 963
518 342
811 472
272 21
285 977
471 906
208 706
905 252
544 428
764 335
882 702
259 443
322 457
420 846
888 942
856 91
639 387
70 248
496 520
118 918
155 152
925 948
491 853
142 390
207 74
424 167
776 476
11 633
196 587
32 572
535 42
652 198
874 306
729 461
148 549
24 619
576 424
150 255
563 850
432 496
417 524
847 10
723 24
944 283
448 586
21 243
884 13
611 719
437 327
727 465
487 568
935 548
573 663
581 946
29 697
690 597
33 702
30 645
522 362
669 457
500 564
788 425
918 37
755 54
171 473
579 484
7 887
600 777
6 437
815 705
447 205
584 285
967 522
884 944
829 997
389 68
873 993
569 24
881 478
165 493
20 480
703 109
924 846
554 479
956 607
955 884
282 570
374 172
169 132
42 154
26 519
961 96
100 916
715 177
953 667
636 917
361 829
715 14
420 866
937 24
936 378
420 241
24 826
593 831
351 987
597 927
982 619
876 170
509 463
145 334
451 618
224 304
704 74
904 540
652 234
121 168
434 759
366 650
754 940
884 835
480 25
341 466
172 384
442 862
550 920
20 755
292 888
976 729
791 390
741 599
653 353
327 890
971 71
665 115
538 995
211 761
324 440
680 400
519 393
98 797
906 990
46 549
668 884
134 56
82 265
390 214
708 85
105 184
34 100
452 427
733 550
882 288
440 307
539 961
223 616
975 537
523 168
617 21
255 358
731 13
533 511
807 240
649 274
959 53
108 559
768 160
613 946
891 304
990 548
845 287
901 29
117 952
722 746
815 571
781 759
621 504
161 314
968 694
367 668
887 85
278 348
201 255
799 868
19 418
758 349
943 69
670 647
639 458
145 8
315 761
863 242
294 683
478 148
274 690
549 943
222 153
830 600
410 735
144 223
145 298
98 266
555 392
361 708
322 834
40 431
793 887
150 52
785 491
24 675
666 650
768 546
956 491
278 731
797 937
571 725
581 18
777 953
888 128
889 937
319 266
56 594
418 73
457 565
918 922
39 875
637 396
785 823
348 441
756 302
632 244
315 544
530 857
215 971
676 559
327 525
74 828
916 397
150 867
151 656
958 768
66 392
412 188
68 718
4 526
790 969
42 417
575 25
599 944
90 437
695 656
809 577
717 888
920 742
564 221
469 31
364 843
901 355
182 987
741 100
648 191
226 919
155 401
535 2
571 809
457 345
260 828
942 688
355 374
835 672
922 804
796 781
433 305
14 758
408 721
695 535
880 245
937 535
245 429
629 87
667 806
427 573
745 586
582 183
219 959
325 1
870 242
136 781
791 462
850 134
753 276
102 987
694 319
655 468
432 130
305 404
168 296
152 1
116 882
944 45
426 820
750 753
180 326
219 488
514 403
901 290
25 599
464 17
176 485
788 244
493 154
740 237
189 609
787 436
185 266
600 272
941 963
289 292
898 918
518 343
811 475
248 769
100 866
415 817
322 292
307 136
381 775
740 338
791 369
853 157
178 935
661 806
448 481
250 53
396 706
990 937
293 199
776 255
575 753
386 463
356 697
269 94
238 701
209 969
568 752
623 842
917 515
352 363
193 637
692 593
509 411
550 659
888 48
221 568
760 455
886 408
666 39
996 866
762 396
709 387
729 637
170 342
951 170
167 603
651 278
961 658
121 493
803 83
277 801
474 711
515 359
721 590
258 708
542 588
780 833
759 932
197 977
401 928
625 926
590 856
243 47
558 314
357 27
86 587
712 998
395 306
210 154
989 454
160 568
217 569
733 961
513 137
496 231
337 769
263 537
671 428
879 201
719 28
226 539
262 723
147 113
773 237
24 490
802 37
594 937
125 708
398 34
695 728
57 860
518 307
219 197
333 567
361 196
84 387
824 684
308 331
665 473
312 782
385 966
977 620
891 994
255 331
436 439
610 838
403 550
675 798
964 909
605 705
566 841
878 591
739 391
796 198
122 399
819 31
88 19
624 965
752 10
326 125
761 300
253 420
847 346
230 360
66 713
624 163
960 395
862 381
849 834
921 333
280 579
779 667
28 653
796 801
251 65
990 449
210 911
839 740
954 382
98 568
590 70
104 549
528 71
713 205
931 2
556 365
168 566
187 242
723 420
694 231
721 827
668 966
405 792
867 965
319 358
529 700
767 612
470 175
47 713
720 509
82 262
444 993
864 828
673 794
587 972
27 917
911 256
933 728
110 187
475 842
461 307
446 89
471 377
894 603
203 836
25 696
526 536
713 875
226 686
687 527
194 432
929 835
189 552
679 155
5 504
246 324
359 607
491 367
660 580
668 223
818 716
319 617
964 850
401 20
277 649
982 682
152 284
937 123
683 523
778 877
526 455
89 346
50 225
151 390
923 169
182 568
244 865
11 640
504 206
182 427
771 154
865 235
719 240
408 404
887 958
874 267
656 202
415 51
743 553
849 575
74 942
414 377
453 285
314 949
810 990
7 506
139 2
585 470
414 392
737 243
186 107
206 110
791 409
125 102
127 552
152 38
671 177
12 626
823 794
972 624
183 507
674 486
159 626
440 812
186 316
449 646
105 292
488 444
289 61
149 908
544 565
178 719
270 263
241 181
668 494
150 957
801 203
656 850
252 275
933 990
80 132
872 224
928 178
394 754
398 26
355 155
15 887
549 671
879 679
679 268
350 807
666 925
688 673
502 73
819 185
699 590
472 12
827 642
165 23
294 837
152 862
282 789
429 930
579 815
821 636
1 699
643 372
187 656
350 444
387 434
117 479
132 91
857 776
417 939
35 452
606 697
272 1
940 592
922 967
528 154
14 529
258 479
858 872
567 768
314 998
866 667
101 446
27 567
398 130
784 138
72 140
93 778
386 757
304 111
54 927
914 916
910 836
236 774
58 197
802 196
10 292
751 155
989 530
464 131
335 640
855 73
587 823
876 996
399 231
293 928
294 507
849 112
640 53
203 959
759 642
47 518
584 370
379 94
199 331
976 12
692 504
108 647
535 898
368 348
393 738
42 21
722 691
958 819
801 320
51 353
94 783
353 636
26 545
951 857
872 668
964 795
165 186
683 949
123 288
550 39
681 148
334 914
501 99
451 850
911 722
629 359
900 321
374 258
710 168
268 411
294 579
867 415
384 960
232 978
763 606
162 997
89 515
589 906
588 547
900 615
740 870
638 425
969 92
879 961
662 722
738 259
745 917
374 607
158 664
948 794
145 531
811 702
918 246
900 901
122 444
824 835
417 499
485 248
65 608
797 912
524 232
158 954
3 22
474 375
898 277
495 31
522 409
225 527
92 532
581 890
450 492
837 256
243 295
785 877
110 322
555 595
186 402
24 41
603 480
172 161
447 489
603 335
204 274
355 646
962 482
856 865
391 726
891 589
841 551
20 140
811 139
564 449
158 374
52 285
734 785
932 857
111 306
60 800
646 219
117 817
722 629
618 546
109 429
368 745
76 58
556 748
65 783
892 482
290 632
75 78
424 698
702 173
133 222
428 613
688 523
13 952
394 469
316 879
526 206
368 38
499 828
784 616
566 846
532 714
574 325
979 503
66 548
268 296
400 240
899 214
994 200
170 518
709 691
981 318
178 61
788 838
678 374
973 938
944 588
637 817
935 13
88 306
235 197
957 662
563 771
656 239
488 653
895 510
274 778
151 290
616 919
413 553
270 978
804 142
24 760
22 327
337 279
547 228
470 533
475 129
921 31
225 442
603 653
936 572
594 72
44 41
580 139
620 756
489 398
767 615
703 719
301 551
730 683
180 648
487 828
346 176
650 687
95 543
43 240
9 288
431 633
398 370
256 327
475 845
369 450
286 467
958 874
601 559
311 73
769 671
14 866
521 302
764 60
638 605
414 523
290 557
402 51
359 969
749 193
859 385
199 160
82 809
96 979
136 106
589 645
910 410
895 632
143 361
22 618
387 187
596 571
407 164
9 845
748 782
910 5
503 588
236 73
862 173
723 553
696 495
182 654
3 9
64 105
248 502
727 998
818 958
641 927
89 714
720 453
715 266
465 523
344 458
417 744
625 537
218 913
158 577
675 377
974 807
745 509
489 191
150 391
390 406
506 781
880 742
864 251
662 290
925 682
923 818
928 664
46 583
621 773
38 759
348 443
389 343
7 118
786 749
381 317
336 98
46 801
506 606
144 736
575 138
122 558
450 105
489 533
330 531
186 543
858 13
125 538
700 824
890 410
742 651
496 425
420 631
670 455
730 370
164 636
40 930
347 814
191 625
628 808
294 890
208 519
887 345
820 278
35 630
48 605
843 159
990 66
922 802
845 206
687 102
100 652
807 539
586 375
132 655
39 867
302 51
515 990
308 832
516 301
858 398
351 674
615 849
197 362
418 679
516 444
423 87
966 276
910 954
462 215
652 3
49 82
875 842
107 740
110 581
112 702
594 238
319 6
499 78
546 397
123 431
244 314
10 222
719 779
544 773
124 327
396 950
370 195
618 301
780 524
254 593
517 591
132 483
579 410
446 135
447 170
30 454
17 933
808 952
627 390
185 415
440 394
342 71
894 912
294 218
61 677
388 171
905 7
389 254
469 64
660 799
57 838
366 312
117 638
321 73
564 179
69 763
605 985
252 679
41 346
812 961
709 811
377 338
51 145
614 920
27 136
31 704
363 240
990 943
277 704
434 29
273 153
184 524
701 57
829 100
460 713
944 978
999 820
31 998
671 955
938 556
563 953
106 820
948 709
771 68
744 199
799 370
641 624
533 578
607 465
281 65
942 142
49 493
970 895
537 304
223 957
651 264
409 933
984 559
767 876
92 52
441 500
253 103
201 404
954 186
385 205
149 156
851 302
10 242
710 877
909 690
612 513
349 933
210 493
998 274
533 119
792 47
7 880
279 491
103 715
881 753
497 232
775 929
464 511
341 855
927 560
550 585
915 152
642 672
590 282
319 768
889 347
103 937
640 385
536 210
424 556
811 424
649 469
722 517
389 210
163 18
394 568
164 726
96 968
959 833
728 489
946 608
969 961
700 599
347 761
646 405
795 845
189 214
818 550
478 44
578 230
800 148
395 712
450 533
415 517
297 254
22 364
65 330
801 574
841 505
531 405
383 102
222 160
743 454
46 146
139 604
212 126
409 921
292 54
886 458
581 392
799 449
340 282
583 302
439 470
582 98
819 684
32 714
969 127
871 64
451 397
254 66
261 899
662 37
686 175
239 347
442 59
797 627
484 338
374 858
324 443
72 84
608 102
647 209
353 605
746 156
720 511
812 39
894 383
938 477
636 274
537 35
379 315
979 719
445 940
945 620
747 792
322 460
867 984
498 822
688 103
621 356
158 482
539 657
78 693
744 945
981 812
117 350
916 697
316 925
407 310
734 703
576 521
938 928
298 259
284 210
583 974
216 136
933 235
626 367
147 730
792 741
580 935
503 661
100 538
304 731
130 379
493 565
22 949
830 972
300 687
691 6
353 325
527 948
415 654
584 12
521 161
136 679
446 836
736 540
398 747
842 566
663 947
382 209
218 926
918 93
387 647
177 239
45 504
296 715
499 452
337 481
597 515
231 773
71 860
183 166
836 860
988 55
367 426
738 554
405 201
428 222
431 841
361 5
18 666
492 809
6 8
920 190
889 543
138 71
50 699
271 801
185 160
641 149
864 986
21 379
111 260
521 504
116 686
51 617
472 978
750 421
716 333
518 479
332 70
51 406
53 300
740 42
852 748
651 587
801 186
220 933
365 155
593 696
665 859
170 411
564 79
730 371
201 615
660 602
575 329
74 334
511 919
94 133
193 758
387 39
145 489
762 34
658 809
741 188
4 459
631 708
691 147
217 692
126 276
643 20
934 533
205 923
791 116
25 333
888 739
533 557
111 529
990 268
439 30
483 918
568 932
382 92
888 449
262 396
595 458
488 745
272 432
153 793
594 239
900 818
667 601
564 939
102 990
656 470
237 701
910 842
141 739
479 208
990 574
148 65
242 804
152 4
775 100
445 641
33 263
732 391
290 430
516 896
119 479
704 253
108 844
234 531
832 802
224 517
722 508
747 851
950 276
599 55
217 877
709 900
657 563
351 414
498 894
674 861
678 829
181 891
627 679
366 313
646 287
800 939
490 833
569 226
271 366
658 472
821 956
435 113
198 366
260 215
669 760
639 574
160 296
644 42
443 699
46 210
249 248
781 367
322 628
732 739
624 988
93 311
884 550
576 799
497 367
531 489
735 777
538 471
683 738
377 141
785 150
936 6
945 328
656 133
325 486
951 342
404 907
885 222
113 132
784 89
180 882
549 471
366 605
813 482
651 267
390 317
706 850
326 611
58 389
443 325
524 234
543 158
317 273
181 505
332 635
522 391
82 398
444 873
11 150
521 244
716 977
498 478
617 940
23 952
747 529
615 153
72 85
280 196
764 820
52 360
864 898
276 880
828 805
741 68
82 579
907 702
121 927
933 690
399 106
863 689
521 304
313 174
78 79
933 515
290 519
630 759
385 825
372 959
502 890
639 879
86 101
126 950
890 199
222 357
344 499
470 375
956 714
80 477
744 884
317 190
998 953
916 900
41 454
207 497
100 615
473 947
202 211
690 87
478 188
406 457
691 45
909 478
343 870
593 411
456 602
108 101
810 421
598 330
740 550
913 229
670 841
451 705
642 362
183 782
115 620
667 197
923 383
197 126
240 735
316 284
33 786
22 490
885 178
408 298
11 839
984 669
266 795
840 380
253 153
132 864
477 465
188 548
462 447
232 396
941 762
414 34
253 10
400 604
883 175
3 649
208 405
779 88
21 726
149 288
251 646
413 107
198 899
163 604
780 323
848 340
