1000 9891
391 564
871 660
731 1
588 398
664 70
186 662
995 404
869 77
858 132
939 77
318 405
947 582
108 698
169 689
275 197
468 722
696 949
364 867
203 167
215 871
133 304
631 488
809 779
592 149
743 694
122 204
359 681
307 114
273 70
769 857
330 945
478 9
316 252
778 921
193 367
879 779
692 839
341 287
967 447
40 230
913 7
240 797
349 149
386 897
690 243
775 558
886 471
944 618
33 845
657 395
823 290
491 829
849 675
975 103
124 889
362 34
415 60
827 148
205 728
957 553
943 618
15 875
749 839
552 413
523 500
166 945
480 424
779 358
84 822
965 383
533 859
137 784
63 940
157 439
233 49
894 446
263 999
812 117
116 794
7 149
263 303
360 332
125 212
278 953
65 649
893 239
677 898
111 150
224 634
119 363
601 664
30 488
953 27
682 955
74 952
531 818
843 708
458 722
901 492
18 132
413 258
363 603
881 410
38 177
593 302
613 803
389 809
781 535
990 663
60 456
830 60
143 506
14 41
19 341
819 186
566 645
188 475
264 315
325 862
900 360
795 82
744 618
356 784
586 373
865 298
204 732
546 967
452 742
490 433
515 960
387 925
460 901
157 855
139 500
585 772
378 522
426 872
816 464
407 767
171 564
103 285
418 903
611 525
115 182
262 284
515 9
764 732
175 865
736 101
510 368
282 909
263 130
927 171
430 657
662 460
149 123
371 955
780 790
903 908
450 310
233 958
180 723
972 663
590 98
505 938
744 349
542 16
263 561
525 862
897 22
587 953
973 140
406 887
209 785
661 479
998 133
260 472
473 11
5 428
8 384
482 459
725 381
47 865
764 469
892 258
444 771
271 361
123 436
696 220
679 301
739 30
562 573
216 56
585 740
143 720
294 868
762 980
523 926
139 677
66 991
731 979
737 658
100 674
764 962
904 662
64 83
620 184
253 545
969 496
236 689
376 468
412 772
292 242
686 38
482 704
301 124
28 724
747 212
642 88
148 401
385 33
663 306
158 160
392 835
379 725
162 309
658 718
500 583
111 778
449 775
214 513
657 76
194 629
926 418
451 94
328 787
119 525
615 392
485 163
893 38
987 33
879 503
60 844
744 185
114 855
856 787
48 752
964 422
893 264
108 960
114 113
886 755
315 842
377 530
655 213
252 342
215 578
756 43
585 930
645 47
557 723
619 754
66 238
490 930
108 373
345 93
311 688
238 912
8 11
850 493
925 704
854 238
602 383
605 684
170 739
722 948
173 704
231 462
342 557
795 109
852 874
800 261
343 865
70 987
165 957
829 247
887 545
157 878
36 61
315 238
706 917
279 369
728 837
839 595
951 437
257 169
591 680
353 768
541 965
519 742
576 312
112 459
462 13
301 241
990 506
492 944
864 99
737 235
907 17
124 683
328 928
774 323
208 406
301 915
710 625
915 619
418 145
737 437
836 431
323 244
841 631
327 548
667 1000
360 404
186 292
940 381
363 848
821 158
473 304
755 134
740 210
318 392
156 291
142 890
843 731
294 145
794 889
209 431
483 216
267 715
165 396
402 46
89 816
798 656
639 770
513 512
971 204
791 569
706 19
194 319
797 133
429 912
868 291
598 156
401 8
352 703
762 925
212 446
909 368
782 966
765 790
514 608
217 352
2 396
994 120
649 947
991 798
230 558
31 555
982 537
987 993
899 55
305 9
353 209
37 742
874 597
16 399
625 397
633 906
151 499
541 647
581 362
749 548
254 386
491 828
183 898
221 75
794 75
791 195
6 633
960 197
266 986
965 92
857 579
767 192
791 646
698 569
365 940
831 871
12 185
429 380
989 247
7 502
187 953
914 940
883 285
580 347
673 623
67 296
837 308
675 41
163 797
78 934
707 856
335 571
584 237
231 634
949 827
141 846
950 492
508 304
385 420
518 624
1 986
688 59
814 591
11 302
733 777
547 880
223 587
311 573
587 924
591 520
406 872
872 454
226 87
492 495
356 334
527 417
455 138
38 182
62 56
744 943
161 729
659 70
461 97
402 165
648 213
479 401
375 821
912 730
36 546
347 803
991 10
668 63
192 864
737 516
607 127
409 507
406 263
264 316
402 394
105 902
398 939
296 109
923 24
482 872
563 49
297 224
58 939
700 494
793 564
853 312
588 571
938 693
338 250
434 809
642 450
222 920
664 896
486 29
676 37
179 583
609 14
353 840
335 840
436 811
999 465
694 385
239 300
13 63
175 864
881 799
770 320
846 495
498 297
723 352
689 400
690 683
86 544
936 759
333 121
127 229
228 785
194 897
141 101
105 234
712 94
677 980
16 597
823 890
743 470
738 814
889 682
263 419
968 823
162 210
517 588
68 862
208 11
137 1
212 161
548 785
200 639
147 88
55 803
977 857
299 373
160 221
179 299
930 433
934 393
613 838
688 611
195 565
235 512
27 284
178 928
181 539
207 543
762 866
890 159
782 15
36 725
753 941
810 316
105 954
598 311
767 324
752 227
606 194
948 679
600 817
41 138
773 729
230 758
295 942
614 584
870 550
193 624
514 519
805 857
734 177
866 857
595 269
775 598
196 343
489 235
676 89
418 825
771 871
836 576
921 150
261 669
390 307
541 913
659 774
846 344
293 694
392 723
615 165
12 464
231 732
197 988
720 647
167 692
278 631
927 142
64 830
301 575
985 918
342 277
652 85
976 831
708 142
859 95
124 469
522 118
975 944
542 13
621 748
952 295
271 57
399 116
590 281
223 272
775 505
321 264
963 873
927 706
930 354
298 194
942 817
507 146
824 80
791 532
276 711
705 851
8 445
904 244
269 266
367 759
778 528
908 679
434 218
108 389
739 61
563 331
70 841
786 406
446 988
785 86
161 860
986 848
532 837
130 261
459 989
886 94
788 834
990 168
227 604
871 415
726 614
417 704
144 120
879 880
914 532
398 701
420 477
477 156
410 215
657 318
253 949
241 917
438 233
679 997
568 488
775 746
148 438
172 460
653 411
243 97
908 303
642 863
404 126
578 833
315 685
357 58
103 522
529 695
735 797
1 299
898 279
615 431
46 926
806 704
313 667
102 593
305 512
215 914
682 965
393 86
656 988
698 299
507 934
77 798
450 444
526 105
601 604
947 584
909 351
518 385
997 430
985 430
74 631
700 903
166 47
703 284
27 343
528 784
730 154
434 367
640 654
237 378
754 502
692 210
285 516
677 258
832 469
99 246
202 245
95 258
922 714
134 954
302 168
909 448
736 672
771 483
476 363
736 543
737 842
541 646
232 814
818 13
128 633
184 805
645 760
980 795
267 366
624 339
268 469
353 803
637 563
709 70
335 703
789 350
497 794
222 735
685 221
614 205
983 920
224 943
354 978
135 552
128 165
864 255
441 162
229 3
582 521
915 902
789 929
405 936
184 737
945 675
68 790
362 631
848 306
59 573
47 760
345 472
825 998
497 181
69 993
576 152
627 872
164 626
927 666
152 314
678 788
881 408
311 981
989 973
259 678
941 874
235 551
114 62
551 495
807 833
424 374
623 57
406 832
533 289
795 822
173 758
305 518
268 654
415 585
454 225
992 728
130 683
517 461
478 235
481 325
870 729
248 568
528 538
321 828
88 33
969 760
914 299
165 995
203 857
801 812
905 564
984 27
749 741
993 481
273 322
112 246
442 459
425 671
339 44
102 401
528 312
446 871
200 555
553 155
361 676
120 848
581 333
516 764
20 595
758 895
780 117
893 732
657 262
864 462
611 728
707 537
64 565
943 761
214 763
750 921
36 443
992 465
314 197
208 448
758 648
300 496
29 686
216 971
345 745
733 838
572 580
831 457
815 980
906 912
708 4
460 223
54 178
662 445
794 621
120 490
475 608
87 62
208 125
46 833
929 179
198 856
776 717
627 394
96 706
119 959
704 897
262 745
263 576
105 404
142 819
363 556
19 36
614 977
385 722
834 995
545 124
195 679
288 3
786 894
111 507
792 403
462 851
502 908
378 150
506 451
184 323
411 358
847 776
338 776
570 828
503 274
360 516
14 11
92 831
379 713
991 105
784 513
692 138
145 57
772 226
421 412
494 834
979 478
729 139
676 390
753 829
37 204
28 385
416 611
456 688
168 610
938 552
244 823
466 281
620 186
992 945
990 348
130 630
672 515
488 752
729 470
219 608
370 716
200 14
79 20
119 971
474 606
36 249
475 267
585 503
427 684
582 292
250 725
126 96
932 307
129 58
628 661
719 981
127 187
944 481
927 248
513 348
641 391
954 70
827 444
42 924
43 493
906 805
270 644
91 505
418 139
275 750
996 428
851 419
216 854
52 452
841 601
402 663
349 978
423 111
797 318
638 840
15 353
789 842
114 28
332 171
774 22
560 398
194 132
727 18
86 926
693 238
590 635
492 417
994 959
578 318
280 485
564 381
433 981
638 554
860 736
77 714
904 282
958 173
463 721
707 367
765 701
325 720
710 500
513 570
130 990
41 297
920 548
963 646
639 761
895 579
331 208
28 80
86 346
749 506
148 901
701 375
622 747
939 466
477 840
891 710
362 408
714 885
837 698
188 12
476 503
447 769
160 422
642 361
292 50
165 780
773 653
390 611
429 135
123 926
987 677
292 129
330 348
68 966
283 590
529 874
343 566
605 159
700 245
918 36
134 879
500 83
373 459
46 483
713 102
72 890
552 420
220 82
577 535
121 403
999 280
710 853
548 176
163 146
382 490
664 909
888 107
617 851
875 679
552 706
592 685
635 618
765 172
756 465
82 256
449 515
637 82
603 430
967 705
567 267
885 868
445 567
450 239
661 619
775 335
962 370
968 991
369 86
96 650
333 755
119 166
700 785
954 513
117 897
160 6
269 476
142 922
990 702
630 577
972 856
578 36
549 741
623 468
865 688
520 501
757 132
5 371
62 380
600 618
585 721
326 433
454 250
520 68
95 252
207 470
62 465
50 446
130 486
352 698
459 638
940 618
788 976
301 416
943 785
657 392
895 8
737 954
511 307
849 672
991 613
903 391
923 461
871 19
965 90
268 190
823 172
827 169
980 377
129 497
405 100
875 754
161 447
418 977
592 329
140 678
971 832
954 126
771 604
774 301
922 464
233 967
125 209
572 528
650 486
209 94
447 44
599 622
806 749
522 848
536 449
168 965
926 154
878 243
534 975
264 787
412 187
656 825
159 670
602 34
79 206
113 996
523 427
302 670
806 350
720 27
481 521
172 682
845 812
621 469
87 601
659 72
312 861
815 341
709 818
680 584
952 173
551 383
147 653
429 523
106 680
711 117
325 970
936 353
256 787
852 558
27 80
635 423
505 78
101 456
680 870
424 36
904 878
97 315
507 665
352 326
792 995
249 962
749 629
382 870
678 435
828 4
463 400
335 972
197 196
839 533
236 622
954 321
764 722
245 197
25 115
408 357
323 882
70 493
241 813
497 699
149 18
707 1000
430 549
569 991
181 481
953 632
404 688
304 859
655 649
270 681
219 195
917 142
129 91
560 133
483 598
48 489
565 700
566 111
57 397
348 404
209 186
547 878
786 714
609 569
403 230
208 126
372 641
62 305
564 491
386 630
825 1
397 505
99 740
667 256
472 946
53 155
646 128
904 383
617 496
178 636
394 513
252 63
569 117
556 661
378 151
180 129
860 803
479 333
393 257
887 26
820 290
247 891
329 474
739 3
777 290
504 592
835 756
127 278
787 889
353 317
451 26
69 425
355 406
754 591
295 987
847 734
792 848
999 819
148 650
348 536
757 205
845 246
11 625
304 453
378 698
571 409
334 289
631 53
652 254
176 655
106 832
639 126
41 571
228 200
897 786
955 4
168 434
962 824
620 1000
34 263
898 380
737 204
280 955
399 434
55 300
572 762
955 226
298 547
708 159
349 829
129 219
406 147
65 709
281 384
121 833
621 968
482 808
823 856
629 537
99 546
670 53
341 993
416 280
713 534
453 787
885 838
96 624
6 429
506 659
622 317
159 705
146 288
739 611
453 121
688 291
666 590
124 181
423 204
312 55
481 960
423 989
566 439
843 798
61 821
194 180
434 329
735 149
661 722
259 270
445 71
1000 642
503 497
942 471
933 242
271 511
38 478
317 141
654 52
565 487
14 407
400 359
37 30
240 102
97 995
494 863
559 249
463 788
209 382
563 250
231 344
322 596
848 756
304 530
800 375
915 179
359 500
844 576
866 904
980 128
862 356
763 737
983 656
585 193
123 782
344 593
20 532
365 965
477 267
315 80
814 122
125 377
687 257
788 529
935 994
289 345
756 141
629 185
22 345
595 9
232 609
604 457
987 499
856 304
20 874
662 169
223 813
723 429
617 850
615 203
727 397
693 525
275 668
295 353
996 498
927 876
107 961
777 627
6 111
229 126
40 304
967 704
949 853
492 736
533 406
203 543
954 957
996 208
502 521
563 857
927 898
881 656
184 59
169 556
975 918
727 49
584 289
158 340
252 320
303 961
483 221
636 13
13 756
233 550
750 125
94 481
954 526
169 974
556 903
946 686
332 662
604 706
181 703
70 412
80 302
208 755
104 420
506 504
291 716
200 919
38 107
19 196
278 474
354 180
717 891
337 582
152 841
562 704
209 872
697 259
948 501
843 233
57 716
296 116
743 400
966 241
809 186
278 151
425 673
943 163
486 778
116 87
89 716
222 784
814 180
192 195
838 78
736 384
183 927
899 470
975 99
961 561
391 178
528 508
682 31
598 825
470 728
721 638
224 50
281 173
728 578
124 603
12 471
183 210
188 574
225 472
153 363
444 702
804 993
100 904
660 350
149 223
388 633
408 909
671 190
855 461
214 447
838 650
334 181
686 537
135 365
472 40
413 75
217 634
509 738
907 47
741 55
264 645
488 419
848 451
367 885
315 774
617 138
156 258
915 215
848 82
460 560
536 783
457 592
702 156
170 501
389 789
726 6
913 411
108 297
132 710
861 662
53 457
648 167
852 975
359 713
74 331
731 947
654 236
913 86
811 961
173 406
427 985
198 107
444 985
308 991
980 73
156 539
678 215
309 871
404 525
297 475
358 252
175 414
586 83
10 108
793 859
48 439
101 598
525 436
647 438
804 125
226 142
79 163
12 344
180 778
698 843
571 203
23 568
580 299
533 891
145 842
242 718
258 619
133 525
353 559
427 864
963 306
546 502
859 869
702 749
149 243
426 424
725 852
375 991
217 549
859 914
556 82
688 231
542 133
444 928
712 208
414 792
876 995
347 215
901 298
6 454
669 286
392 374
928 408
551 222
315 934
938 289
540 621
561 526
138 809
822 984
463 124
416 219
824 200
53 154
954 599
316 636
189 490
652 966
515 992
658 307
566 424
109 83
160 997
347 610
477 559
338 887
754 750
503 383
735 176
411 538
556 549
316 834
319 957
959 952
672 234
526 245
748 829
535 633
347 768
757 569
693 224
355 269
467 327
675 874
531 270
164 493
11 641
645 378
403 899
527 890
640 918
145 456
221 381
97 823
574 291
316 23
178 434
834 468
657 53
739 638
202 410
455 572
442 493
633 982
11 624
563 959
691 242
468 313
35 374
594 539
813 315
267 648
852 423
36 148
804 495
940 706
813 332
262 466
799 265
159 110
918 137
741 570
558 96
913 527
770 432
524 231
103 402
770 100
966 532
474 382
182 39
935 735
361 341
228 929
263 226
746 162
233 13
864 185
8 917
653 254
200 337
20 544
829 794
668 664
12 640
306 491
225 851
725 586
835 6
780 701
450 56
821 39
734 792
260 297
43 939
501 667
947 625
215 745
808 809
401 262
331 69
317 426
344 504
165 246
956 711
557 864
597 211
763 55
813 830
435 80
109 857
934 138
761 474
743 542
737 131
174 751
986 589
202 220
682 322
294 644
776 131
904 856
778 881
818 770
840 854
518 887
286 647
876 163
793 753
630 86
939 863
597 791
356 955
434 797
532 934
153 469
480 163
577 715
562 97
607 743
453 144
609 218
455 838
224 184
372 96
64 337
396 304
55 109
833 176
228 615
870 178
67 675
432 100
265 700
279 730
393 503
215 216
417 257
534 340
633 451
741 304
686 403
543 14
11 169
86 623
804 535
417 242
555 436
441 244
868 693
355 602
279 952
46 925
893 198
347 238
34 166
307 524
294 314
761 969
354 625
725 622
318 396
855 255
214 237
380 221
471 758
328 608
402 923
366 408
96 652
939 64
40 833
686 847
656 878
865 980
220 805
606 325
764 426
18 978
386 598
350 799
545 171
109 172
294 966
922 567
911 893
866 216
565 453
247 979
468 44
490 676
735 942
792 794
559 156
139 737
212 41
880 115
974 669
539 64
212 152
748 442
490 650
576 102
274 583
991 726
280 568
944 623
429 233
675 657
163 453
36 93
643 79
837 640
704 175
279 83
27 690
541 915
359 249
861 23
628 262
165 512
297 664
135 168
374 926
802 615
529 412
127 754
520 736
6 927
940 431
825 559
376 861
655 695
124 715
395 485
513 154
271 702
737 721
370 327
233 818
111 138
194 953
488 134
710 593
586 579
916 176
129 770
183 499
722 131
738 992
198 992
935 453
650 119
137 408
986 431
53 20
695 453
555 190
646 11
243 442
794 822
959 80
726 293
543 657
881 268
42 406
896 808
329 706
754 101
954 547
574 968
338 912
255 193
666 882
12 876
62 143
655 446
350 315
880 290
637 974
386 685
903 912
161 575
257 696
831 970
834 350
377 409
585 604
416 747
109 946
681 49
705 171
120 629
482 868
292 485
244 990
979 293
27 880
931 646
59 323
939 935
230 296
71 563
70 193
609 145
196 734
153 187
262 503
390 696
84 869
68 290
287 64
344 522
699 384
934 745
224 96
430 952
768 519
760 1
957 953
816 307
102 976
401 947
383 969
777 680
559 970
763 643
293 224
124 751
940 35
301 983
159 457
613 142
455 303
10 59
357 448
547 784
993 728
292 328
704 789
890 884
63 50
411 565
48 713
547 737
342 495
863 603
129 520
78 469
741 187
119 251
446 25
656 807
34 647
716 367
419 963
192 563
501 509
252 335
734 607
742 661
114 296
62 216
100 875
318 166
873 557
566 600
824 39
240 158
437 540
192 721
304 955
730 337
236 234
454 177
119 25
776 25
995 111
429 621
726 781
213 182
624 835
878 696
112 55
554 146
166 340
614 866
939 596
942 941
529 464
378 998
218 655
648 418
305 769
36 325
255 13
662 839
477 3
667 255
409 227
67 795
58 570
439 459
271 553
942 38
638 465
1 298
782 191
594 939
555 658
318 891
487 332
619 405
345 808
235 396
864 92
612 810
197 269
401 927
462 468
618 86
266 67
703 723
68 986
518 236
278 387
919 776
223 399
461 262
445 897
194 131
893 259
307 928
163 644
938 258
939 103
498 781
835 150
808 421
227 789
55 771
756 956
852 691
599 326
982 74
458 510
497 348
942 932
434 327
585 690
588 36
38 77
96 958
631 70
174 637
82 332
912 550
565 372
277 713
437 993
939 547
868 411
800 171
252 928
26 459
130 366
574 333
867 197
886 35
134 978
178 162
408 739
705 147
301 296
303 814
628 525
257 722
886 461
83 400
232 822
343 481
785 372
933 308
58 734
81 727
120 907
690 43
653 181
323 558
784 44
126 161
509 295
202 657
975 62
153 115
687 490
358 20
586 251
344 706
275 960
58 304
132 991
908 340
747 324
885 478
881 987
880 754
484 296
450 456
106 358
987 147
953 295
996 213
186 446
907 498
347 225
590 95
369 361
306 944
333 398
707 129
356 113
211 846
601 297
983 52
821 393
808 168
471 256
642 748
773 278
761 968
81 462
156 312
307 520
30 257
693 207
752 645
570 890
699 594
60 732
276 897
904 426
78 525
66 45
674 812
87 449
843 687
238 855
117 910
238 966
277 958
976 347
939 353
728 460
881 694
730 358
469 242
626 279
243 797
562 623
389 977
356 516
929 676
235 861
87 660
39 28
908 772
735 24
972 382
498 757
743 573
315 162
786 502
743 402
648 566
348 698
153 956
329 849
335 428
121 112
981 474
344 647
788 866
532 980
30 353
582 946
46 32
853 656
257 799
610 423
280 680
207 23
800 949
969 28
349 290
269 828
750 790
396 725
828 304
175 843
822 274
36 387
75 367
889 951
194 519
924 789
50 547
388 635
337 21
138 78
151 562
656 655
146 565
111 606
438 309
744 472
547 887
498 115
700 53
357 316
584 496
57 80
385 601
228 666
938 654
142 859
271 125
242 255
345 254
398 112
829 660
78 664
962 119
967 234
694 550
82 803
627 577
169 185
423 628
9 768
377 702
117 585
772 123
408 910
351 214
248 792
467 429
563 226
97 703
566 671
596 470
689 668
616 396
544 121
784 680
964 974
696 412
550 387
697 589
184 632
214 633
249 86
396 181
126 396
491 241
93 349
757 246
944 957
193 623
178 509
396 4
643 29
649 652
120 852
140 1
418 703
330 403
419 239
466 895
656 47
174 436
789 269
828 357
248 647
234 70
111 764
607 667
224 976
371 99
279 684
429 383
548 203
953 637
497 521
391 967
196 173
646 690
267 606
148 72
918 956
777 568
236 216
688 77
873 71
582 617
87 69
110 286
827 370
21 311
741 472
445 523
95 607
495 337
191 72
485 363
432 617
986 384
551 216
630 883
155 523
816 719
749 443
865 930
185 272
194 590
441 894
425 257
483 23
670 265
490 825
142 934
314 58
678 820
809 683
928 215
643 556
778 633
467 472
378 5
821 901
933 219
645 215
463 908
147 550
562 646
69 406
644 928
477 913
773 708
667 65
789 912
548 423
990 177
810 603
163 271
656 726
831 964
744 485
62 887
690 4
582 126
935 874
58 682
352 67
685 383
297 582
946 211
304 294
875 913
13 12
358 504
434 552
745 23
63 925
466 560
965 305
470 625
487 557
170 540
936 585
3 658
390 997
998 187
105 56
509 838
20 951
738 860
668 875
671 368
733 584
834 801
985 699
553 863
38 785
631 434
834 848
194 51
878 25
354 333
501 522
764 384
253 751
450 984
472 768
697 457
331 71
191 467
406 742
230 986
627 934
547 669
227 276
65 465
679 839
875 416
942 490
108 17
274 703
791 870
580 907
619 935
835 866
875 305
838 327
491 40
408 740
889 493
762 101
231 170
676 309
533 652
169 583
873 772
529 221
123 914
844 978
741 890
23 815
999 54
343 562
322 532
590 625
348 100
991 635
474 979
373 471
546 747
996 855
177 84
736 197
864 394
229 264
525 331
766 481
570 340
642 169
385 176
703 528
740 124
451 147
309 273
129 139
718 247
488 336
232 258
949 801
343 118
418 171
115 463
29 771
466 750
858 284
472 591
731 275
716 722
220 513
497 140
163 117
772 723
864 532
646 188
327 465
165 438
539 617
26 844
192 636
484 740
105 737
640 276
169 860
960 625
192 747
619 724
963 614
839 459
553 742
346 620
402 202
648 142
11 953
687 887
726 987
431 53
507 915
866 214
169 126
482 488
786 503
813 974
615 582
136 704
201 830
140 824
672 353
212 154
857 683
490 324
92 688
397 118
19 762
495 565
171 803
344 897
788 978
558 188
904 547
338 782
173 226
256 703
49 476
14 946
880 930
864 295
112 572
59 7
427 603
500 947
102 91
638 377
286 274
768 573
586 796
897 863
606 731
954 280
258 275
426 657
23 529
906 647
447 741
874 19
915 687
917 5
779 492
710 708
510 430
977 427
775 120
922 476
525 593
107 942
881 599
239 101
684 54
388 523
194 806
360 450
507 277
34 927
424 831
812 854
613 249
447 185
935 84
194 615
811 202
206 560
246 621
623 161
58 839
792 269
133 123
372 847
708 993
12 936
159 811
146 502
184 61
98 667
574 974
299 668
128 153
344 259
217 59
255 727
517 657
847 819
26 723
706 113
670 460
912 720
914 2
365 292
818 845
195 893
89 482
18 990
844 342
776 206
886 249
875 360
892 586
400 162
904 786
645 750
84 18
478 166
692 977
437 215
706 565
509 396
611 912
387 346
538 738
118 672
983 740
268 207
629 92
6 607
744 467
743 228
68 300
180 870
944 149
37 535
663 295
667 928
27 513
202 569
222 700
335 967
945 919
459 509
571 61
148 218
385 248
828 580
280 978
172 32
319 339
637 308
545 535
983 808
484 225
416 385
489 333
146 534
665 285
546 215
832 192
824 493
987 75
113 858
518 145
976 216
483 312
375 254
927 583
60 930
553 866
750 279
113 811
994 916
632 505
815 678
551 168
113 900
762 539
669 61
690 864
83 493
109 80
91 973
956 591
687 713
624 615
364 930
565 935
973 632
276 664
777 469
192 723
209 651
943 288
731 522
130 537
773 801
423 744
424 595
429 619
344 61
786 428
400 383
347 946
463 828
874 757
175 232
567 698
816 814
93 271
334 523
170 552
217 639
209 966
636 619
286 686
696 432
92 713
681 444
705 294
945 503
785 335
329 26
151 305
409 146
449 494
358 159
604 366
527 650
359 807
110 780
116 485
747 205
286 475
343 670
714 286
992 148
956 311
405 55
941 37
210 49
853 937
927 86
451 297
162 332
326 603
609 413
239 334
594 203
576 322
262 243
728 573
340 963
903 126
963 275
674 322
732 460
915 596
627 222
185 887
591 315
166 250
358 682
752 957
34 84
181 227
665 302
936 365
998 410
802 551
695 414
418 358
627 508
184 55
729 968
453 928
826 458
220 941
60 826
42 477
704 994
906 354
32 347
640 410
346 887
935 237
95 848
460 211
522 850
961 338
604 762
381 847
846 683
252 732
551 434
934 62
386 736
556 516
61 930
522 692
27 254
682 128
230 987
191 547
901 796
553 282
666 987
633 548
939 549
942 644
100 623
730 418
677 249
491 410
553 427
203 366
648 497
23 475
715 395
348 720
774 988
604 640
724 427
545 712
361 587
602 523
732 590
805 513
382 851
308 914
98 378
634 408
84 953
218 899
365 816
314 834
649 715
814 15
941 248
671 787
900 110
846 271
702 735
427 655
634 749
854 810
400 709
771 982
305 295
266 146
49 226
656 278
971 859
929 419
315 528
420 493
702 571
719 635
890 827
103 742
308 254
128 364
116 595
66 440
748 700
928 860
864 533
665 548
834 949
281 819
572 451
652 905
100 862
549 543
316 918
703 282
943 363
595 330
584 914
821 843
960 357
723 725
819 881
305 540
341 438
74 339
327 135
107 963
739 95
244 551
739 409
102 780
855 685
807 526
575 562
524 512
523 991
174 889
236 466
556 132
166 493
518 854
387 292
939 815
942 430
606 47
184 700
577 315
527 605
399 818
291 157
93 25
151 377
724 173
338 160
288 857
736 371
440 816
402 669
558 44
746 948
452 63
469 903
720 807
153 510
619 351
196 36
162 372
237 720
394 172
880 641
845 913
148 199
293 927
974 207
530 939
488 890
238 330
521 692
205 387
354 863
64 973
964 176
785 803
93 590
371 852
669 389
263 436
637 113
985 976
82 654
931 406
551 929
555 290
314 508
986 426
915 874
111 271
775 430
764 235
638 532
773 153
78 623
427 341
670 275
512 157
772 327
934 503
481 768
321 20
801 290
674 528
919 502
995 116
812 870
140 511
910 239
397 488
218 519
422 353
429 919
31 615
123 654
415 708
752 254
648 393
84 19
946 146
246 596
718 854
796 944
620 76
98 708
410 230
541 838
73 96
699 276
610 329
258 466
758 881
135 888
193 655
33 978
749 914
760 149
139 202
605 115
880 606
694 267
646 686
906 779
854 973
266 170
401 833
254 893
661 35
755 952
466 917
927 800
153 154
845 703
661 530
941 644
104 917
384 863
557 436
206 738
319 897
910 540
677 831
534 79
422 394
777 873
959 113
122 584
678 731
190 1
999 442
583 730
821 225
271 192
167 307
5 404
762 651
35 849
416 957
42 171
243 806
669 862
88 997
491 288
578 152
123 317
576 657
421 390
631 925
597 29
728 164
61 855
773 706
2 839
135 202
325 203
75 924
459 573
541 727
649 110
495 620
757 121
831 966
354 78
761 126
537 429
619 104
124 842
529 128
417 686
54 677
440 889
738 278
477 290
704 234
851 109
979 32
505 681
385 57
370 601
249 684
840 329
556 381
172 118
284 856
908 258
379 602
31 445
98 946
655 495
599 686
909 680
159 281
275 756
349 955
435 72
246 793
172 148
557 8
964 136
506 771
935 313
798 115
752 781
876 963
342 979
42 331
613 48
950 100
959 4
985 697
473 333
792 215
632 966
596 997
137 38
930 381
60 966
248 954
948 73
108 734
885 593
486 516
517 220
41 275
648 773
479 65
834 112
601 875
484 681
330 819
441 634
298 277
818 732
856 343
416 840
606 391
995 908
136 343
65 471
484 251
227 359
946 203
269 118
218 878
19 627
918 365
387 503
118 975
376 282
841 368
666 365
594 453
728 990
876 302
41 905
830 651
410 222
657 311
17 233
483 985
46 485
569 824
876 460
510 214
591 75
573 492
797 984
500 968
161 134
267 89
861 465
202 638
404 321
970 635
845 893
996 511
676 681
517 747
59 697
759 904
685 805
134 53
194 960
871 574
86 722
323 252
695 332
897 317
886 446
684 227
760 649
834 656
102 584
180 258
143 190
167 4
171 65
523 308
372 710
212 915
472 960
678 656
589 43
38 819
575 232
426 17
744 44
731 294
806 308
682 238
755 428
960 964
15 150
109 23
679 143
566 607
104 425
145 217
678 973
41 408
886 711
596 590
298 265
505 203
378 59
511 997
829 448
614 862
852 807
528 565
395 750
378 938
341 294
52 687
606 242
37 61
173 429
585 565
433 256
966 234
588 696
184 718
706 559
980 50
141 160
144 204
165 810
520 823
745 712
687 181
253 803
729 487
912 193
72 958
14 513
382 223
431 675
3 272
888 320
248 223
874 383
322 966
975 31
723 110
103 240
718 311
665 169
814 778
379 661
841 936
515 427
426 558
153 366
805 963
55 275
132 732
595 774
764 919
860 354
275 300
349 995
613 150
116 914
389 348
210 427
417 3
897 281
293 944
240 502
21 641
38 185
585 429
198 887
536 118
773 375
846 855
327 294
95 794
332 120
62 81
320 446
638 612
750 34
697 406
327 439
476 915
640 754
181 670
882 829
8 124
229 674
268 566
74 741
881 243
683 837
667 344
705 909
259 157
943 511
191 634
766 822
734 272
75 149
972 413
496 430
424 411
565 227
463 858
325 654
924 204
910 159
624 938
288 253
610 245
115 797
477 906
244 939
83 367
688 955
69 320
117 513
749 734
531 471
202 99
130 452
95 508
984 401
804 388
130 119
154 110
116 284
335 50
706 930
818 40
572 31
723 385
391 141
653 250
201 139
366 591
420 355
921 130
975 499
387 634
227 891
74 756
512 609
489 128
931 121
718 275
167 571
720 692
975 352
830 706
803 51
272 569
853 67
957 806
393 731
272 575
564 10
845 773
457 732
926 478
431 996
267 847
531 522
163 910
29 710
3 857
466 800
160 920
191 159
744 326
837 963
859 183
238 48
574 654
425 501
280 400
891 262
621 657
199 319
592 921
962 39
32 416
717 783
406 622
359 522
363 463
768 387
687 696
725 501
598 109
781 387
375 316
591 303
739 9
860 138
122 13
395 729
770 551
221 711
916 857
983 250
4 371
79 729
12 571
283 428
594 754
886 74
779 908
562 276
560 86
791 61
404 558
866 849
36 804
836 419
861 42
438 773
844 824
793 826
775 766
957 759
407 538
358 108
968 304
489 280
737 85
171 523
997 651
873 373
694 357
901 949
72 35
555 574
257 407
223 836
528 660
466 999
348 455
721 859
559 859
690 982
837 645
986 321
694 54
487 780
276 139
464 91
63 205
157 152
855 97
273 635
660 113
924 958
651 862
247 273
902 877
595 653
449 459
967 905
369 759
661 506
403 486
833 365
118 401
811 68
765 694
803 841
381 845
754 169
863 345
920 555
672 659
834 113
212 717
268 623
285 903
469 218
420 946
347 754
982 944
669 801
672 11
188 261
454 145
240 13
166 616
98 167
740 714
190 751
377 484
913 33
614 518
772 205
919 174
667 433
821 696
143 940
684 852
942 356
673 709
533 649
199 645
311 335
560 729
482 923
321 543
393 153
11 736
378 587
610 270
49 6
654 741
469 993
954 259
920 399
101 506
693 742
159 222
647 181
794 283
353 761
232 502
935 193
96 325
42 112
457 943
718 101
279 951
564 651
233 893
437 107
103 246
812 425
355 686
375 20
915 848
755 145
204 441
388 816
426 143
981 735
51 534
986 171
643 826
493 85
384 695
901 510
331 663
626 49
777 41
241 21
829 652
976 448
569 830
22 705
900 201
373 673
733 115
325 590
201 624
103 229
902 762
527 155
839 85
398 805
990 963
22 977
539 313
254 147
654 26
195 787
36 789
202 253
312 533
459 742
870 644
688 912
1000 898
175 162
967 326
625 299
2 308
277 638
995 649
559 8
463 103
486 780
162 974
843 461
244 886
912 194
453 238
715 663
946 50
991 610
463 389
709 445
665 201
715 612
311 113
443 185
137 528
342 404
253 194
970 698
131 516
63 577
979 840
837 426
968 471
316 882
287 841
537 102
793 12
43 413
543 88
93 672
245 570
113 593
686 432
529 651
345 518
316 815
536 345
912 521
292 759
99 137
884 361
137 306
500 626
287 572
146 986
972 756
534 599
918 758
632 369
81 413
544 979
1000 732
564 542
492 593
20 328
648 529
33 708
596 943
333 319
674 221
413 359
143 2
114 430
942 774
209 386
489 914
290 581
424 751
338 909
119 48
982 118
431 500
839 283
507 850
643 564
437 515
611 328
919 387
740 428
700 674
248 721
283 82
982 336
839 57
18 989
23 428
779 786
155 28
191 714
267 952
95 366
886 111
195 779
265 989
430 745
719 389
520 837
122 315
965 773
415 484
128 686
554 620
421 595
741 814
979 400
540 399
120 856
230 301
158 542
984 257
567 998
54 735
917 723
3 271
561 265
891 748
103 134
530 868
989 161
318 979
746 918
233 249
489 135
804 202
993 791
471 430
859 714
676 780
327 816
295 342
229 478
780 802
373 55
932 741
347 15
455 49
256 511
375 981
927 802
252 128
989 613
775 238
85 608
107 796
954 895
96 601
423 208
116 614
100 419
393 5
730 998
986 396
309 153
57 112
42 484
33 437
302 850
798 823
213 381
519 956
755 502
523 460
503 196
658 301
659 252
863 356
264 20
732 564
762 185
324 856
364 925
368 472
166 111
332 323
431 121
877 217
787 785
393 11
558 716
406 329
415 533
311 580
539 225
5 709
706 370
802 653
783 490
815 890
620 35
268 392
343 964
161 824
606 90
601 541
911 664
559 448
272 90
166 698
888 266
373 334
908 79
875 4
213 757
391 350
776 553
852 284
864 482
386 272
741 548
31 46
397 627
182 142
720 737
2 800
641 415
93 658
372 42
888 198
747 933
931 370
372 860
703 734
688 109
532 191
730 728
12 559
604 177
146 633
347 152
132 548
224 589
500 76
214 360
15 361
842 893
661 295
59 637
668 517
267 584
20 256
726 358
363 652
971 333
34 542
812 635
378 323
765 693
199 179
791 559
226 783
744 976
122 844
104 335
688 618
36 540
57 991
277 790
424 310
441 632
8 53
209 756
474 524
618 856
32 171
967 63
844 72
630 287
795 246
243 949
317 134
912 426
108 13
914 216
623 670
873 383
574 374
499 952
429 989
876 10
183 658
495 684
701 81
689 553
981 449
841 829
179 891
827 935
330 324
886 369
231 900
692 682
509 290
149 881
500 91
905 935
234 11
953 735
764 687
607 717
28 929
346 496
976 615
519 361
315 311
98 957
816 240
524 129
488 769
966 618
612 602
443 491
542 805
300 432
837 727
15 687
132 806
794 570
580 15
121 870
394 140
983 66
768 913
751 230
491 673
669 303
267 999
108 911
548 636
648 630
489 548
172 559
582 998
512 935
398 409
773 51
406 932
868 247
381 247
981 816
123 40
711 363
694 607
899 613
859 769
703 263
378 214
730 355
288 178
678 963
477 642
9 888
587 391
454 242
91 724
535 703
638 956
545 55
499 999
339 846
433 437
365 606
539 169
526 465
456 609
873 221
790 346
24 869
169 284
616 793
136 595
328 443
336 870
776 387
634 443
654 420
514 267
805 792
81 566
445 720
644 946
727 731
698 975
236 514
936 856
679 896
63 755
562 142
323 670
15 892
419 179
101 285
475 248
591 222
676 552
99 820
836 215
893 898
175 967
841 831
399 499
493 500
366 770
945 841
450 297
231 620
189 652
760 824
778 187
574 509
291 839
690 927
842 802
519 128
211 881
177 897
592 800
356 225
696 894
915 220
848 73
279 254
156 136
96 975
820 167
233 523
380 366
548 610
916 754
403 289
540 806
601 816
125 670
825 312
777 445
869 527
212 262
342 492
514 824
991 124
957 188
193 215
526 147
433 576
431 213
498 205
182 837
58 863
300 961
49 560
877 884
142 267
861 945
628 940
919 209
408 689
486 862
531 473
970 27
952 514
758 170
687 218
800 438
675 546
912 144
453 48
109 718
362 250
568 961
735 575
775 660
337 424
248 253
233 367
548 18
326 992
55 34
936 820
41 592
560 960
615 42
706 834
230 12
957 717
515 376
974 191
745 341
672 845
215 738
719 873
522 407
116 210
675 207
768 827
820 583
587 852
343 58
392 86
609 704
204 284
519 87
708 156
739 766
149 478
72 852
143 240
328 559
534 995
4 682
731 304
329 765
998 732
881 290
493 28
935 197
372 66
209 493
172 759
302 706
764 121
294 38
756 981
796 444
262 512
268 581
142 90
750 175
276 676
502 52
854 217
694 571
952 849
706 859
672 80
907 966
572 505
972 387
44 834
795 154
100 710
694 404
430 435
571 691
274 743
828 194
350 394
903 656
878 924
718 689
152 896
115 668
408 572
528 285
178 410
736 464
295 817
210 779
912 11
896 640
438 795
296 736
577 657
872 799
391 243
339 322
987 638
399 740
699 418
428 24
704 284
483 783
968 385
939 396
202 601
385 175
373 888
672 873
767 992
521 808
789 14
112 806
613 458
228 936
764 618
837 754
430 696
662 487
521 753
133 763
689 315
693 467
159 427
751 205
882 300
556 45
461 175
941 741
211 952
712 243
161 83
555 367
206 765
949 27
113 971
185 454
545 422
608 30
846 455
694 705
535 839
369 50
695 175
617 468
471 969
939 379
672 158
882 835
277 789
613 753
616 299
387 218
196 874
892 543
326 477
883 944
857 322
425 828
227 360
433 281
89 335
753 720
535 376
369 719
300 591
637 850
408 536
356 930
434 788
98 745
286 424
567 809
741 431
793 788
700 280
410 332
177 79
254 79
737 119
684 666
776 853
927 54
805 726
409 369
590 54
907 10
656 266
141 718
326 714
257 497
225 549
633 416
618 436
103 572
128 66
55 697
685 802
217 614
726 417
952 350
384 794
976 164
226 607
794 989
268 856
803 521
76 253
596 772
557 522
6 272
817 677
852 346
454 582
825 178
493 996
483 82
673 486
178 572
948 40
217 34
398 9
574 934
355 108
545 172
484 584
621 121
363 393
491 348
886 871
943 484
66 888
13 863
312 680
296 237
350 32
654 24
602 713
201 848
260 991
210 542
672 503
502 286
994 254
887 617
283 263
191 950
451 681
188 484
520 826
81 676
501 663
339 28
983 735
348 982
40 415
666 511
375 98
654 596
881 635
847 45
81 582
334 400
136 769
728 731
96 5
411 662
831 761
410 467
840 132
453 415
409 793
581 915
451 114
110 405
203 725
960 1000
957 159
312 443
674 505
693 267
894 644
848 300
441 906
519 131
835 54
855 43
142 690
897 399
95 758
481 806
669 163
752 679
164 829
511 582
920 839
467 740
123 70
360 884
273 867
78 738
282 723
464 722
686 989
543 956
786 163
713 897
192 502
610 575
464 609
308 389
857 206
394 884
696 204
36 597
757 557
499 853
778 990
13 835
929 602
877 132
345 114
118 104
28 256
692 815
986 524
693 645
544 238
947 155
736 582
283 193
633 962
620 72
680 771
538 375
960 141
410 226
339 56
514 863
231 126
554 765
187 508
418 990
241 843
738 481
645 851
280 825
943 530
361 434
741 671
79 344
304 30
395 425
915 718
76 886
880 673
555 727
516 855
812 900
685 72
140 666
997 886
530 907
675 206
866 722
842 613
167 794
655 513
15 742
20 8
837 575
842 839
938 390
685 763
564 508
843 527
474 166
437 466
475 643
42 482
856 946
752 707
716 358
95 891
71 210
778 257
23 368
924 234
941 836
569 237
865 646
653 629
977 409
674 560
658 461
731 513
492 123
682 455
384 27
83 558
429 614
122 8
910 207
696 343
100 711
503 522
490 743
342 652
753 811
444 3
891 677
771 37
566 771
832 53
26 244
563 903
478 158
987 851
143 875
202 277
72 692
672 541
359 169
549 329
399 886
537 657
990 469
81 637
723 186
525 464
266 508
713 112
157 593
943 566
625 829
37 647
846 423
908 318
676 802
879 791
406 417
898 407
992 358
205 71
480 586
849 29
780 599
12 553
821 269
218 804
756 374
119 438
375 808
531 664
414 892
806 546
474 11
627 451
665 757
168 902
428 408
673 255
177 968
608 303
425 470
483 168
912 992
536 800
920 703
406 926
208 881
959 230
284 62
855 817
820 919
166 62
701 807
665 877
5 500
692 588
251 162
605 783
930 603
400 434
203 7
317 19
321 976
195 939
153 655
523 857
891 867
820 301
839 3
473 958
662 536
203 357
304 395
361 957
13 28
393 563
736 671
537 930
899 199
279 185
871 259
236 378
258 116
480 204
244 797
596 234
672 714
197 97
624 211
255 191
311 249
616 887
544 630
455 920
361 360
254 509
111 604
658 575
3 329
707 701
80 252
750 893
441 433
461 782
202 634
850 62
776 805
11 80
769 44
711 465
314 131
120 334
102 866
30 223
162 79
436 658
81 37
555 693
797 359
817 361
940 690
858 375
551 104
638 270
327 536
368 983
935 473
147 926
159 115
780 714
158 306
474 239
789 884
460 14
138 602
405 300
214 229
478 730
293 762
584 742
759 347
760 619
718 486
981 845
786 813
829 673
664 369
226 702
897 865
1000 457
32 491
820 124
749 178
950 971
722 874
602 436
182 972
952 155
636 173
193 201
529 375
692 165
515 676
41 45
152 850
737 133
139 648
411 175
965 524
883 911
184 611
717 647
834 485
624 17
326 73
85 186
827 596
166 486
994 255
387 471
580 868
642 498
638 199
330 358
3 276
162 117
621 117
762 357
378 618
645 894
560 550
520 679
127 762
757 351
962 889
49 176
128 769
76 719
598 138
371 61
119 683
926 343
819 805
732 2
589 391
149 809
132 728
498 392
845 872
778 214
376 980
765 70
224 836
298 883
327 782
628 490
82 730
498 351
488 29
363 923
225 509
128 478
220 588
14 39
545 259
746 388
289 205
518 62
561 537
856 983
673 167
608 5
113 914
498 718
557 621
947 689
985 358
771 839
220 769
811 494
812 573
764 454
783 76
521 85
460 359
47 193
854 179
105 848
14 410
695 897
240 249
807 715
810 189
459 857
246 35
394 964
877 131
164 498
312 581
923 103
317 204
66 972
965 736
947 109
202 28
888 531
944 805
264 439
620 58
197 263
877 421
643 245
790 356
549 907
245 216
724 488
282 7
781 95
875 140
535 16
141 872
448 850
782 635
804 23
770 131
311 33
82 235
62 813
309 512
814 588
2 936
407 611
430 960
875 391
770 421
718 279
978 64
854 855
267 101
72 11
146 878
823 936
129 68
392 690
458 959
21 463
793 158
426 401
266 38
603 371
694 46
57 411
930 913
298 855
171 495
634 883
194 772
551 832
293 592
419 749
243 497
25 550
507 488
695 545
494 162
298 905
280 404
9 250
981 660
194 38
384 626
811 445
321 169
125 820
545 250
105 675
566 592
203 26
996 188
5 288
122 166
673 286
385 581
387 224
580 387
875 445
30 796
913 152
972 445
477 889
957 79
923 67
339 776
503 517
338 265
40 171
3 33
443 806
671 630
839 828
331 621
351 614
822 607
14 594
552 149
36 14
255 154
681 311
151 335
562 114
5 218
70 293
957 755
83 218
379 883
568 975
477 430
11 934
728 660
806 483
876 628
55 131
862 547
97 379
775 920
444 949
104 585
232 414
12 452
305 342
572 652
3 667
872 590
814 689
304 264
560 623
380 893
381 148
43 981
717 282
257 163
172 145
390 216
637 67
12 554
54 149
480 570
808 766
199 505
977 151
707 58
90 754
494 190
315 857
657 674
109 413
570 977
929 847
479 471
243 747
658 268
492 186
810 83
99 488
946 531
434 383
515 316
435 42
921 887
799 882
434 384
963 512
237 283
260 854
996 167
105 953
571 864
310 102
574 373
406 475
64 238
698 774
123 589
288 486
588 657
629 331
373 13
266 713
842 4
550 349
109 515
607 260
847 309
299 63
226 289
482 919
377 187
322 844
538 172
595 309
540 498
64 315
399 610
819 701
639 4
732 874
130 170
663 500
387 553
923 619
345 878
422 809
539 441
978 121
906 746
185 955
349 760
480 265
334 84
944 440
376 842
106 479
896 315
953 446
827 469
422 523
573 713
279 834
121 762
950 812
310 892
202 861
439 536
759 903
329 325
686 523
547 835
42 915
163 586
609 526
940 370
207 502
262 898
925 194
983 460
756 108
113 868
262 797
925 115
621 708
214 250
142 839
721 246
170 116
208 975
595 685
100 245
657 654
217 951
58 854
743 966
639 817
530 295
198 441
553 606
517 59
956 525
466 972
667 496
199 33
165 145
477 671
683 860
80 439
613 531
305 534
514 706
992 712
517 477
351 779
227 313
994 13
304 601
156 666
268 508
676 449
344 874
145 399
610 93
295 917
313 945
26 186
227 535
581 460
800 429
126 491
608 614
274 956
444 268
583 259
684 602
611 970
577 686
515 779
230 404
486 98
469 784
576 482
64 694
887 830
287 996
119 821
546 633
283 837
492 905
609 479
760 93
104 641
160 659
147 399
441 174
389 310
106 322
493 386
699 827
797 330
45 485
712 190
167 86
150 864
302 971
266 326
507 411
753 487
642 712
977 223
280 441
644 828
56 160
610 731
310 533
122 929
769 612
21 991
43 891
284 103
123 457
820 81
179 331
713 903
825 317
57 939
687 675
863 34
576 612
406 673
106 671
997 247
507 948
277 700
114 622
10 985
226 639
491 88
199 811
679 541
350 429
830 923
814 508
4 97
679 754
188 207
120 749
781 94
434 843
770 785
809 301
972 955
712 414
818 37
432 360
175 416
179 549
495 967
976 62
64 355
927 490
486 14
750 843
514 157
970 843
960 205
941 58
489 139
115 193
64 513
104 622
836 167
124 625
486 360
894 117
128 238
699 121
438 763
634 926
357 21
730 593
513 253
61 691
771 677
582 395
752 904
968 213
59 740
479 919
579 509
29 964
871 637
12 662
345 407
586 767
972 788
241 358
539 923
868 965
854 272
234 661
720 212
792 193
7 546
708 957
51 594
217 894
694 760
915 253
703 122
816 598
786 882
34 527
570 941
186 946
189 337
119 16
583 865
199 88
660 670
539 455
276 679
28 64
284 250
549 674
401 50
170 753
977 647
556 612
619 546
665 217
827 689
539 518
215 956
10 747
277 35
289 730
178 6
678 379
938 540
888 671
690 173
785 135
861 180
697 851
519 978
651 369
121 161
654 611
549 375
861 37
241 996
457 167
638 227
457 816
849 630
372 133
10 384
627 533
552 323
864 85
908 683
538 922
97 378
25 197
188 535
372 308
759 894
429 347
764 365
931 233
934 126
343 106
555 578
628 148
941 177
759 853
638 997
691 819
229 208
566 241
768 56
578 643
996 182
285 317
212 901
998 620
74 866
881 370
698 280
265 99
234 380
507 48
848 20
743 989
178 535
749 204
125 722
186 854
613 877
652 883
389 851
797 718
431 424
89 1
507 798
991 392
369 785
83 607
191 552
7 251
766 883
841 23
431 142
770 516
754 535
683 529
904 834
136 300
445 318
5 566
993 294
166 504
539 126
45 649
282 845
909 32
490 360
71 437
74 107
421 646
478 457
118 880
448 876
306 326
267 877
124 868
555 994
718 434
104 842
742 276
248 56
230 120
768 553
951 56
771 846
314 943
576 310
566 36
429 302
233 181
168 552
689 122
915 520
555 529
793 164
23 747
82 357
673 974
253 396
948 588
590 53
850 862
523 76
671 348
266 431
759 525
713 430
823 689
223 435
504 81
588 445
81 453
190 225
542 90
835 236
565 923
768 179
293 760
405 746
930 451
554 287
780 261
648 856
71 417
398 12
442 900
919 634
883 679
333 969
672 189
643 620
327 239
130 553
313 613
13 860
862 243
960 279
853 468
692 854
126 526
768 212
627 827
728 98
670 773
133 963
24 873
244 972
117 122
49 746
845 410
514 404
254 317
457 29
554 629
376 456
886 294
905 741
799 405
732 984
655 639
590 554
918 109
821 118
469 799
788 585
36 214
555 974
102 311
22 385
261 695
814 925
430 938
141 525
549 400
868 106
37 716
349 682
723 485
727 565
84 553
432 58
217 853
586 919
988 7
680 464
157 765
840 22
125 116
381 234
560 149
409 655
544 709
140 553
16 615
730 668
664 2
730 48
464 24
68 682
859 161
952 381
328 567
424 950
132 399
902 159
925 86
599 35
660 933
38 849
562 828
725 761
186 235
436 180
220 771
647 638
941 861
712 763
683 810
675 497
351 72
569 854
48 867
745 463
680 564
373 406
493 743
576 613
852 978
434 151
515 642
572 465
790 536
323 176
621 442
504 943
529 482
822 873
696 301
93 291
173 395
287 391
469 608
252 848
174 15
968 399
250 369
804 386
145 763
961 633
676 196
110 888
715 694
419 117
884 871
116 393
500 104
488 528
819 756
101 316
384 379
737 67
830 247
63 531
836 785
819 613
309 703
805 538
132 920
426 637
478 818
284 883
283 800
417 342
716 846
328 919
205 463
43 508
104 766
418 120
756 494
3 718
722 202
595 808
745 123
565 640
731 184
713 405
343 54
517 557
739 661
708 737
281 545
263 401
986 486
517 958
160 502
7 908
265 245
267 547
459 315
646 237
351 377
722 639
975 851
526 567
263 695
13 672
161 405
656 342
242 280
599 180
13 561
506 357
566 423
949 293
576 675
902 933
680 690
247 222
752 420
597 196
670 528
360 625
1 971
787 788
4 234
668 17
65 460
581 825
696 346
625 148
754 496
209 941
892 614
400 134
934 839
974 688
994 50
463 181
981 296
804 343
115 608
259 218
27 854
763 608
63 876
219 718
681 309
24 976
576 13
761 7
45 838
887 963
871 510
890 577
936 133
444 420
414 276
163 20
119 847
85 971
382 507
167 725
301 783
876 645
90 247
409 539
510 415
385 220
620 748
129 215
516 965
135 281
160 587
346 170
632 319
850 778
496 870
571 553
43 215
414 867
453 775
149 510
685 732
134 354
232 92
566 353
968 976
290 676
972 904
534 899
612 487
425 475
872 12
413 298
334 689
859 262
592 123
906 509
714 674
716 20
402 76
773 107
422 139
924 201
601 876
48 860
715 212
329 529
791 667
575 288
706 433
202 118
748 788
804 518
643 384
777 330
246 316
682 329
576 988
554 783
903 752
120 695
351 632
563 119
733 315
575 996
690 78
607 448
896 753
880 800
990 293
117 135
429 11
486 68
783 792
790 12
168 267
119 930
724 768
118 531
211 431
931 934
749 851
805 577
210 13
998 746
110 530
409 769
369 9
495 77
850 972
86 634
147 482
664 184
920 34
225 682
744 486
10 22
546 164
716 628
646 907
224 622
229 243
327 682
733 675
790 951
294 305
721 91
831 234
879 254
683 165
513 552
727 679
356 345
964 536
1 326
697 387
915 52
458 393
117 916
282 763
372 995
1000 460
838 988
406 552
834 175
73 398
212 751
674 516
643 623
443 233
576 538
812 890
282 925
246 474
943 480
692 160
565 350
387 58
192 898
654 28
251 417
36 787
532 760
244 417
378 993
98 52
580 976
227 648
770 920
58 934
370 980
948 918
957 486
482 966
374 344
946 121
213 598
540 908
461 636
978 678
151 256
300 958
852 115
746 666
70 663
732 985
827 823
315 27
634 311
598 730
785 479
935 805
282 141
165 565
296 700
852 337
968 334
487 654
331 994
870 85
410 479
603 586
604 417
790 657
405 216
194 541
46 746
285 370
660 354
916 212
970 313
811 918
426 440
154 587
980 723
418 196
717 288
638 32
297 938
220 364
543 356
871 603
30 73
560 500
928 392
727 120
124 19
693 624
8 238
481 826
650 205
265 41
213 355
251 912
893 449
587 538
569 507
697 46
848 78
13 524
721 353
118 467
808 635
19 244
868 359
155 500
672 218
856 359
412 477
749 36
610 938
517 430
747 600
443 561
616 359
193 170
47 179
394 963
75 138
347 929
757 986
465 810
134 769
47 32
844 734
32 846
387 423
664 180
838 388
749 727
491 235
719 387
121 26
268 113
652 207
966 154
607 495
793 807
157 728
568 949
862 91
22 418
500 920
616 961
102 124
249 664
362 921
993 809
996 600
558 451
337 333
788 29
391 936
705 140
827 430
556 288
387 769
281 262
512 646
676 665
755 896
3 817
744 431
637 444
867 326
402 677
259 820
745 11
396 823
517 957
669 274
893 372
731 89
694 847
454 736
426 199
683 474
151 704
595 758
63 436
582 912
930 337
147 105
683 107
795 597
905 53
380 399
273 835
775 363
977 987
377 759
764 485
968 738
274 431
991 206
39 749
207 639
959 940
528 854
469 618
176 391
585 839
407 647
78 924
302 272
303 57
571 857
240 119
619 949
567 653
722 405
292 445
352 640
313 894
79 855
795 14
212 116
482 580
507 688
370 796
353 42
351 611
390 625
854 382
818 116
800 471
620 168
982 963
605 284
715 708
918 443
645 657
596 65
600 132
456 412
992 830
98 689
194 55
447 582
32 326
145 512
81 898
67 691
660 452
328 37
889 900
603 690
710 746
884 161
439 896
996 451
748 353
67 465
654 989
336 510
688 99
742 170
716 593
756 370
578 622
959 447
265 135
484 29
52 377
569 337
199 506
248 30
823 732
871 78
812 339
336 28
228 26
951 507
380 205
664 490
792 223
431 311
885 948
337 646
269 440
543 594
782 446
358 796
363 642
594 852
864 753
246 733
378 333
360 944
838 984
166 50
648 781
385 953
333 547
227 32
501 385
87 532
971 161
934 55
94 272
60 384
723 704
649 165
911 877
130 754
354 20
212 426
532 741
114 948
581 53
22 355
468 131
911 515
971 657
362 285
474 883
874 617
154 1
373 187
504 198
710 10
813 275
644 972
46 386
359 201
573 371
153 120
997 583
802 599
620 946
36 259
862 627
224 35
689 239
673 738
234 132
983 794
59 979
858 593
825 648
310 192
974 107
135 495
180 756
41 480
755 120
243 140
405 534
764 873
878 225
91 241
849 278
243 426
946 833
873 807
877 855
275 103
81 340
365 20
96 887
830 422
905 77
319 679
269 462
280 28
806 191
378 486
411 901
588 67
168 862
655 479
364 114
809 907
22 1000
575 724
191 735
412 664
87 798
934 829
866 95
306 6
184 726
918 257
22 202
313 950
577 385
62 731
545 739
474 855
398 761
538 284
467 206
512 895
328 304
475 419
439 4
260 649
799 292
537 159
732 841
434 644
182 302
62 900
267 492
675 507
931 69
325 318
399 731
889 454
926 712
837 403
860 84
453 410
435 899
298 605
603 762
366 772
628 95
826 154
155 877
379 395
875 526
396 957
235 84
295 137
707 217
376 583
47 690
513 944
276 249
610 120
282 34
733 646
593 115
778 391
928 504
214 5
54 283
971 442
129 681
316 621
562 853
947 693
170 949
406 602
999 142
194 480
679 171
973 586
596 763
173 854
265 667
70 742
363 360
971 105
899 980
576 615
576 194
515 644
697 745
293 222
921 733
957 39
429 910
142 269
349 117
148 842
230 762
865 313
314 545
917 658
755 299
838 20
417 808
538 368
480 136
231 117
912 37
732 958
35 214
552 76
187 499
206 269
103 191
897 768
609 30
737 65
277 350
153 48
597 565
893 862
710 892
490 211
309 701
718 283
64 516
489 25
381 27
555 714
375 573
964 14
968 73
366 800
78 148
330 431
234 510
774 660
494 68
814 635
798 28
674 22
582 759
659 438
290 303
8 708
618 683
445 888
560 352
843 659
294 201
562 889
228 325
873 904
570 568
118 635
19 162
773 117
781 554
35 856
587 359
368 479
956 560
539 472
21 865
117 764
961 110
265 695
477 519
752 309
4 937
353 478
868 491
959 572
106 766
747 364
476 540
277 733
648 479
612 793
993 287
995 889
562 268
728 92
364 344
191 234
409 239
232 966
374 641
47 293
291 207
328 83
16 86
71 773
559 80
27 630
654 529
624 394
1 343
76 813
49 894
422 769
614 987
600 419
641 359
492 957
111 805
462 433
34 136
950 154
298 533
229 507
21 326
712 27
72 442
860 179
129 213
936 707
132 668
149 282
707 768
983 183
272 827
312 376
446 199
507 471
401 582
475 885
422 348
24 219
78 402
525 881
109 264
818 650
741 195
501 622
146 421
130 830
845 357
208 546
392 125
773 105
657 960
587 259
825 378
312 803
120 591
448 419
526 162
69 605
566 675
716 244
298 429
464 957
174 760
86 452
140 340
719 301
790 454
386 792
922 710
540 185
706 337
655 343
286 865
896 981
145 423
607 243
28 367
904 724
689 546
690 253
528 736
127 30
853 847
644 798
810 546
371 488
980 150
429 248
63 875
983 256
988 361
477 236
746 823
106 150
378 595
959 107
92 453
954 408
455 821
857 804
81 604
727 701
294 400
641 722
417 109
940 810
903 182
779 364
729 733
932 326
974 249
708 429
638 42
180 582
935 758
194 1000
245 948
987 239
972 633
422 670
280 131
778 142
466 594
108 887
15 293
896 93
442 892
355 726
281 543
727 86
316 731
632 460
798 999
628 861
147 51
973 323
418 539
885 919
389 146
302 653
229 979
759 757
894 991
316 385
901 119
381 873
429 647
881 206
682 9
645 131
13 479
338 119
545 791
434 238
607 49
476 597
813 946
260 822
759 154
762 938
288 407
566 830
148 951
795 88
961 880
529 404
838 414
13 859
930 973
201 811
473 526
631 717
549 42
161 500
697 42
654 606
658 613
897 827
30 328
538 669
905 964
240 741
965 220
362 931
515 261
96 27
205 343
499 70
323 788
567 41
950 211
884 83
206 67
963 324
780 822
819 808
694 212
418 83
321 206
279 866
690 519
104 290
343 47
239 110
684 41
997 62
599 990
46 970
195 12
358 616
436 994
132 507
255 589
584 508
927 596
238 29
947 519
397 602
806 510
165 462
683 1
902 813
636 39
693 88
803 952
146 493
919 554
765 577
632 710
445 191
268 600
52 967
294 908
616 218
284 146
892 383
195 985
970 465
934 124
496 774
294 799
818 669
412 334
820 371
434 146
363 248
969 744
364 230
862 125
94 11
832 176
335 487
49 698
244 573
594 662
187 276
259 227
923 152
780 263
193 635
92 367
109 711
475 191
408 598
45 863
413 731
714 414
606 896
791 246
741 935
172 358
173 59
447 556
766 330
749 904
862 697
439 152
701 741
6 997
318 987
908 385
656 426
879 670
491 710
257 386
591 187
314 213
395 478
979 733
484 261
241 568
383 845
21 458
335 750
108 808
521 559
741 460
944 162
873 220
506 543
967 638
533 464
152 309
446 187
5 248
898 452
584 769
379 101
824 214
588 343
40 709
886 532
299 356
584 758
761 496
271 202
596 681
164 573
271 379
117 763
618 876
322 417
506 66
566 708
760 984
806 87
460 535
890 172
997 981
571 859
991 494
48 500
545 584
896 970
35 274
678 236
537 968
720 481
139 548
896 889
622 569
884 672
847 348
957 300
705 307
637 824
526 259
951 306
516 509
735 651
442 366
724 120
507 364
267 329
88 474
514 564
754 947
188 973
746 867
604 325
549 452
236 577
811 677
560 995
153 19
798 445
525 347
874 207
214 676
471 207
54 989
456 124
245 558
484 426
966 518
56 689
254 820
71 934
864 216
148 129
538 777
485 64
606 703
471 45
112 940
739 310
141 901
950 421
685 686
635 613
891 479
565 786
656 594
930 145
659 469
623 12
993 759
405 609
375 215
530 538
894 593
492 401
219 331
682 865
241 151
428 725
199 282
143 134
647 562
345 2
532 274
540 869
601 881
980 954
255 656
181 733
259 383
373 837
708 706
381 934
875 96
429 580
70 958
892 645
987 919
990 14
115 720
496 382
634 60
908 773
326 246
255 212
332 55
207 145
692 515
487 385
842 144
398 658
348 969
183 924
135 805
50 895
732 871
851 885
491 979
278 855
872 866
724 771
489 182
382 395
58 453
591 93
849 598
261 736
278 710
619 364
358 400
107 656
971 967
441 292
390 415
676 844
181 298
400 591
457 562
523 726
973 298
957 869
238 292
366 217
974 408
354 801
100 269
704 231
177 524
256 189
419 731
884 397
348 76
484 51
211 861
786 770
200 458
592 828
351 301
498 211
713 652
512 938
271 108
55 61
995 278
668 400
704 985
416 17
199 254
181 799
990 543
293 373
846 611
830 420
941 885
170 495
180 217
57 914
95 974
646 458
540 841
243 891
227 94
817 952
178 902
950 892
43 560
381 874
182 881
717 560
645 275
613 623
795 509
692 850
89 259
48 202
373 123
213 994
472 292
933 505
648 359
523 478
144 198
168 204
153 824
351 677
72 936
144 85
589 893
353 961
376 30
840 429
126 206
112 552
221 202
976 256
983 570
419 187
852 13
703 375
496 806
280 851
957 935
870 72
49 170
523 725
680 468
957 792
462 494
104 646
820 708
55 357
646 840
534 420
263 280
506 905
638 982
147 259
152 427
307 713
970 584
510 692
885 840
394 315
713 735
570 176
794 824
105 431
124 157
363 703
74 934
950 655
95 780
209 768
808 751
950 574
863 267
403 297
557 760
445 190
673 411
163 802
270 59
583 777
711 212
696 211
956 669
351 197
1 796
643 477
754 456
792 725
300 744
73 787
303 919
434 98
308 575
130 299
446 901
766 542
911 581
18 756
331 583
857 659
199 580
59 337
615 892
525 907
909 245
969 90
382 225
936 173
885 214
408 454
727 759
31 172
577 574
962 804
325 272
513 494
918 879
187 211
404 738
951 237
668 997
648 320
138 388
985 799
12 429
505 869
414 105
366 806
849 184
635 747
870 342
453 670
900 756
521 558
683 652
798 2
877 763
552 929
376 724
373 238
593 93
332 7
794 796
869 504
392 244
302 42
68 537
803 966
476 986
204 73
441 649
761 892
308 479
806 362
80 342
62 202
100 793
881 359
271 378
702 58
961 108
728 401
967 82
92 776
679 478
553 869
243 928
815 238
249 291
302 279
505 137
308 620
402 409
444 124
758 912
991 545
5 605
300 611
961 831
690 215
999 803
529 83
378 859
417 857
70 125
861 798
331 611
540 373
45 817
690 166
676 149
899 398
766 924
301 472
150 327
196 709
315 68
362 105
456 494
577 538
228 626
693 648
819 581
894 11
841 925
810 896
120 202
618 201
470 898
201 399
943 916
12 593
706 140
270 516
823 680
241 436
403 165
441 90
264 765
548 577
333 365
946 811
234 773
962 1
982 68
566 391
950 998
437 721
837 978
748 897
251 187
108 322
802 635
436 287
147 868
611 395
375 282
801 487
35 711
587 402
587 333
308 721
477 806
152 893
249 319
113 408
938 731
523 943
724 879
396 227
737 707
683 677
157 970
79 622
951 117
662 893
280 555
652 259
709 318
533 512
218 919
149 791
685 453
540 456
323 540
395 187
306 466
733 473
384 392
277 179
443 151
651 153
282 283
504 423
983 529
58 450
738 416
723 460
465 332
395 409
936 899
314 27
51 159
906 871
765 202
987 368
200 158
291 297
8 977
171 271
85 968
29 869
157 336
471 778
148 21
404 511
669 437
392 479
46 940
108 881
897 266
885 883
929 153
587 997
968 865
595 706
100 108
234 726
553 934
461 429
377 594
322 85
476 898
592 91
173 990
890 400
104 261
750 252
273 776
756 789
406 556
703 270
321 4
255 695
536 545
539 386
330 733
943 492
248 569
305 520
801 387
765 946
387 62
722 903
959 630
265 606
341 299
948 453
951 550
753 795
718 983
330 60
100 646
503 715
606 136
662 686
767 564
630 18
451 657
359 8
895 170
308 890
224 373
991 711
315 174
408 636
801 975
516 438
542 690
597 685
244 30
690 840
842 407
297 794
63 587
708 380
121 772
547 182
660 511
954 156
516 891
557 17
595 162
725 991
626 564
572 690
637 404
788 126
271 828
960 32
846 128
444 940
841 512
368 443
613 236
228 78
545 260
570 236
878 128
698 362
646 250
207 917
464 428
526 604
782 458
186 757
631 329
797 23
640 23
857 308
52 82
226 284
350 859
260 103
613 863
744 898
874 926
420 621
920 621
795 875
99 38
616 220
464 601
139 975
182 931
787 255
705 922
541 308
246 58
476 75
382 554
308 649
321 381
848 910
667 450
761 419
299 966
531 371
643 365
457 450
165 913
717 676
689 543
486 855
397 254
571 543
921 508
10 805
652 372
838 11
714 13
618 366
980 200
185 682
171 907
851 93
16 252
179 600
929 52
757 395
118 607
304 135
366 320
529 946
342 99
399 568
976 649
794 310
564 896
842 538
771 538
8 794
650 681
353 575
228 957
615 259
512 666
675 246
660 258
897 80
242 849
439 553
820 584
894 345
303 337
261 362
63 210
910 633
453 814
828 814
945 590
911 337
808 942
698 270
388 321
481 858
209 331
854 389
464 754
221 792
904 272
394 574
237 14
826 541
42 12
579 831
89 235
303 231
695 845
282 942
857 50
379 714
772 77
28 205
692 868
35 699
681 141
937 27
120 561
253 747
325 814
628 905
535 367
520 156
499 599
425 856
232 954
193 468
344 498
580 461
434 918
204 777
666 285
79 960
417 713
515 343
885 56
964 822
429 34
311 2
760 334
79 230
417 555
552 442
721 549
851 230
824 796
327 889
589 614
442 49
814 841
139 123
146 845
537 36
889 633
375 514
965 436
299 593
38 726
691 137
134 69
797 667
817 325
837 650
401 682
347 146
111 117
205 208
379 293
472 577
659 471
237 831
368 562
6 402
817 551
473 870
470 79
553 841
327 338
129 613
459 218
995 508
613 949
32 360
983 263
259 579
316 528
868 197
359 978
730 226
175 20
290 899
574 947
649 88
383 860
820 23
259 353
227 437
278 354
711 159
307 109
682 419
231 506
503 625
394 903
344 230
633 672
683 545
173 445
677 125
382 973
537 938
41 219
577 441
3 689
227 736
731 172
94 33
623 902
572 244
476 257
945 270
265 876
16 38
53 981
365 803
631 520
602 830
567 800
415 55
524 410
130 165
258 366
700 857
728 155
448 512
233 302
895 356
702 1000
582 672
284 769
471 237
128 829
550 784
8 835
543 105
466 815
529 953
36 493
629 938
228 885
599 838
142 534
936 674
314 378
337 939
335 672
798 200
780 433
446 936
142 556
271 840
206 692
205 244
298 790
891 509
199 474
293 529
426 114
56 888
436 47
38 815
475 707
313 284
647 643
6 265
640 371
436 222
661 547
864 657
722 723
482 300
593 845
783 112
166 82
692 586
752 481
74 757
958 345
450 720
363 273
625 198
274 258
238 563
740 657
134 798
875 378
52 691
993 477
800 309
912 287
966 230
126 387
877 441
37 178
3 126
412 954
162 965
549 215
900 647
334 767
736 388
912 61
974 911
810 660
10 608
136 955
746 790
196 267
372 797
182 290
718 400
899 342
24 700
395 55
72 136
953 513
149 12
82 33
210 234
194 743
940 920
978 231
798 890
690 691
432 143
395 277
772 865
205 438
292 788
997 938
360 417
582 636
493 379
913 682
578 547
190 421
587 819
973 2
846 816
150 891
545 283
929 164
413 459
54 455
682 916
759 646
872 58
817 623
369 96
479 239
192 551
756 560
531 950
8 409
86 182
143 309
22 686
728 439
969 947
933 808
346 594
221 582
222 417
61 844
693 694
938 769
633 751
227 346
691 459
74 459
238 702
921 594
316 28
45 698
317 821
140 210
748 127
396 164
913 982
881 821
292 21
152 957
403 852
870 558
292 941
504 147
175 312
568 604
828 22
956 195
595 261
631 579
896 702
310 320
173 56
603 911
451 426
778 634
976 763
760 162
488 933
224 963
400 545
715 906
573 552
297 885
673 686
926 296
230 149
629 778
752 486
484 256
177 360
825 708
276 20
3 820
885 520
394 251
472 759
146 520
536 384
773 445
81 101
746 337
233 802
694 977
310 942
538 581
78 442
411 517
345 265
81 263
372 770
375 125
765 309
916 297
759 283
734 591
487 162
87 527
934 12
238 757
389 905
235 645
198 267
800 159
179 74
348 595
19 501
611 79
204 527
795 148
303 949
508 937
179 251
36 848
337 477
880 21
231 183
166 550
706 619
853 744
140 69
433 213
345 619
914 540
438 870
850 414
767 39
698 538
435 688
220 170
992 819
480 7
246 832
816 481
338 93
124 974
766 357
988 167
400 696
928 922
547 224
555 669
198 815
455 651
582 410
326 740
310 249
563 639
850 994
903 108
135 390
131 44
565 831
116 987
629 582
500 272
67 101
921 384
714 369
938 464
629 733
194 864
985 539
108 926
604 827
492 637
793 412
727 910
241 148
761 941
247 410
484 888
759 761
795 564
557 685
119 92
531 717
514 980
273 802
971 215
518 280
795 933
592 159
832 430
698 139
854 243
566 679
832 477
540 6
688 785
191 678
250 110
412 689
730 436
605 552
36 741
171 170
903 857
944 528
212 38
286 869
605 601
325 60
719 465
649 539
89 710
537 602
64 388
588 359
140 105
639 191
630 675
827 801
538 180
442 257
633 114
121 326
139 291
789 485
331 879
797 826
444 582
893 657
574 248
625 839
37 721
920 411
838 330
500 989
608 926
205 256
133 547
228 999
124 220
928 789
450 425
404 125
309 354
926 499
361 147
180 753
475 496
901 703
479 583
299 229
300 314
33 465
163 626
775 299
229 253
534 566
556 922
717 876
191 177
503 99
488 456
91 869
560 300
669 70
375 37
450 924
256 589
555 99
543 962
360 913
821 211
164 737
648 814
117 527
868 329
235 700
640 658
75 23
810 206
978 860
604 264
217 202
127 331
535 688
312 690
188 477
579 532
49 513
305 671
625 342
697 577
402 479
737 749
442 451
204 678
761 231
386 431
871 350
607 352
741 830
5 804
64 480
852 121
671 711
358 198
602 864
988 329
516 432
899 456
738 352
956 175
177 16
213 690
676 62
328 132
628 279
261 688
30 940
906 551
694 398
876 549
720 789
576 361
723 714
171 963
876 692
935 513
21 65
794 323
564 861
702 788
366 777
81 239
219 190
470 827
647 807
241 602
928 543
447 89
677 956
824 480
471 327
788 123
986 948
920 947
914 185
727 118
233 726
592 795
833 84
479 857
137 24
603 189
548 746
646 874
790 983
925 448
949 458
55 859
544 316
268 596
94 322
406 718
1000 701
820 456
108 426
678 26
644 158
973 726
623 324
47 185
529 330
692 130
105 1000
87 840
18 977
40 809
429 905
486 762
838 367
710 296
65 283
230 767
340 395
782 806
365 712
629 267
406 10
101 866
926 877
49 271
1000 889
31 907
565 656
828 23
116 353
905 778
836 634
654 399
123 875
872 814
390 681
747 222
729 639
126 233
219 921
975 482
738 503
903 357
301 147
969 185
733 176
715 909
295 501
371 115
23 586
519 67
559 628
447 270
505 146
327 804
495 18
777 735
270 700
110 447
241 572
276 21
849 189
742 128
154 681
146 692
621 977
837 660
821 319
18 641
111 83
792 43
238 438
280 255
413 61
752 799
863 549
885 809
688 347
191 120
891 607
90 77
989 795
829 998
686 805
263 684
473 492
919 725
102 609
668 330
942 921
544 344
139 924
912 668
441 645
402 242
277 774
976 275
26 518
708 746
655 493
397 429
1 972
290 863
584 261
961 18
445 417
230 953
467 345
175 8
503 623
506 177
53 684
899 836
745 960
193 313
156 683
235 930
8 700
459 602
727 961
891 703
88 128
997 284
424 130
154 55
706 616
908 236
175 479
69 184
838 132
883 541
443 140
157 694
943 587
675 297
982 197
254 94
400 697
331 979
409 957
926 762
55 392
96 199
1000 442
589 775
504 364
603 861
555 557
935 903
560 197
408 114
987 134
971 829
698 95
292 684
242 883
953 894
622 502
345 586
788 76
668 746
560 35
581 627
985 538
33 421
677 884
159 792
868 993
894 597
329 943
405 734
962 237
656 884
513 669
887 809
539 669
322 255
420 592
682 143
129 410
855 981
482 505
908 765
781 585
284 167
801 267
251 188
401 133
5 267
852 930
502 111
599 439
35 712
200 817
643 393
5 668
925 603
786 387
255 498
572 400
442 701
210 561
374 452
127 83
415 642
95 783
167 965
942 369
107 693
873 320
633 896
597 805
177 154
213 556
896 712
344 949
473 727
662 995
754 832
900 572
740 819
528 387
350 797
658 634
54 659
625 757
537 379
519 703
831 889
356 601
214 853
324 253
549 484
239 258
997 772
817 52
619 352
470 562
258 654
479 672
110 388
310 218
427 922
165 679
819 832
309 402
937 985
510 525
292 704
834 627
797 381
67 64
233 872
711 680
552 867
95 647
669 212
88 623
68 717
52 202
750 417
271 104
368 687
133 119
873 954
293 369
459 73
78 653
797 161
377 704
948 51
683 198
184 409
544 384
835 368
960 752
584 784
514 731
161 545
952 788
631 938
62 483
9 757
619 994
692 862
364 255
131 217
75 884
701 24
64 195
706 654
468 173
36 873
535 401
97 141
758 90
705 334
799 524
965 788
878 867
774 826
982 781
509 361
400 995
427 570
672 607
947 471
220 147
348 88
75 688
45 24
11 904
513 462
453 499
241 821
721 611
874 599
832 644
50 577
588 221
367 450
573 627
491 10
727 418
730 578
505 845
487 613
965 888
81 238
229 62
581 809
710 583
815 956
137 317
390 153
410 875
921 846
39 130
132 480
152 478
941 546
534 637
142 764
313 205
981 646
105 403
693 50
881 306
240 390
901 453
635 783
63 494
670 258
565 104
363 576
273 856
844 17
632 715
119 7
863 900
751 706
890 290
566 130
605 845
593 13
751 563
169 57
260 128
212 377
70 378
18 974
807 594
316 175
500 444
429 904
947 119
876 55
519 998
936 484
955 665
784 808
657 62
641 849
288 551
1 562
719 392
539 62
710 197
931 696
192 305
309 884
75 638
187 408
387 330
814 231
908 88
508 724
511 595
2 15
774 689
227 792
232 654
410 184
12 244
968 258
242 539
787 448
154 869
980 425
283 907
358 461
344 651
309 647
756 208
174 467
287 848
262 665
220 405
306 842
419 441
771 684
390 234
930 23
107 890
972 702
494 78
332 861
517 934
591 597
478 768
480 903
502 580
926 234
655 808
949 11
553 850
256 488
789 690
13 728
626 123
517 856
220 840
973 262
716 738
967 808
661 601
528 830
530 356
558 90
338 757
445 79
598 127
194 369
967 78
950 824
875 439
839 16
917 838
844 362
320 54
83 60
106 523
288 468
786 303
1 749
257 539
679 568
629 381
792 932
387 392
272 423
417 861
145 943
80 805
374 667
287 240
472 186
315 235
244 179
446 292
625 712
789 463
754 940
884 835
76 690
103 217
183 65
721 538
793 949
745 428
546 583
654 650
713 206
309 667
573 694
576 338
906 847
689 85
525 679
712 946
608 99
422 628
376 534
287 618
307 104
224 602
794 602
157 394
229 199
532 74
751 70
777 293
133 897
897 857
122 524
825 49
823 586
238 222
773 177
904 416
854 420
418 86
927 641
644 418
773 194
189 283
364 871
511 656
627 667
757 712
96 977
977 568
429 669
484 600
680 613
860 787
203 48
758 290
575 296
647 975
299 613
429 558
268 748
251 300
288 274
385 378
828 970
557 990
715 42
614 828
762 3
725 253
796 246
572 256
417 889
674 416
970 71
705 254
511 165
409 205
211 89
892 864
676 181
568 534
477 230
885 25
780 91
340 674
129 335
41 523
261 858
373 422
943 622
768 546
269 555
272 337
457 987
477 392
44 237
836 849
435 940
437 97
405 204
334 162
263 162
513 131
586 971
201 431
785 951
116 798
462 262
615 324
138 88
195 137
12 625
513 60
570 71
312 427
886 430
389 351
78 214
885 718
462 689
590 130
307 550
413 115
157 972
384 871
24 142
6 482
528 386
893 324
843 890
94 699
117 78
460 1
426 113
873 808
659 357
971 407
937 523
759 300
850 520
501 588
716 727
437 640
590 510
886 593
192 589
9 144
392 31
928 177
88 654
459 326
378 219
285 637
515 165
930 626
861 670
623 483
381 980
25 528
840 903
392 997
821 972
739 597
109 810
183 551
312 692
248 562
501 128
674 766
469 482
572 437
406 509
870 694
59 475
1000 799
54 594
19 781
149 710
6 721
46 54
456 332
664 689
644 655
849 651
376 35
966 278
399 691
662 127
227 844
380 618
16 803
568 784
733 170
292 944
521 970
157 750
810 949
422 297
836 181
374 796
858 653
414 487
287 895
915 702
242 726
719 920
137 578
284 919
580 520
124 726
768 812
626 560
3 361
629 907
742 154
340 890
234 389
732 388
272 746
725 815
699 821
607 964
920 6
213 701
926 124
712 168
363 916
319 127
664 11
370 84
980 953
181 944
492 583
510 776
321 297
319 994
713 851
695 583
406 994
637 198
997 363
801 208
967 839
348 449
240 278
755 409
388 56
968 340
798 743
714 738
159 939
218 501
594 825
166 125
829 275
562 942
763 19
502 37
503 276
341 489
783 198
478 50
541 244
584 781
507 590
987 439
559 220
374 965
479 446
38 357
832 182
800 340
715 323
718 678
420 45
957 258
77 537
266 695
912 141
676 382
469 728
10 688
706 949
365 931
550 738
419 124
420 259
477 302
261 769
465 750
62 984
121 380
177 50
417 515
115 858
874 213
951 123
866 529
775 937
23 580
998 50
12 475
340 952
968 481
129 81
934 123
975 742
410 682
676 641
992 342
59 641
6 136
629 612
580 37
393 853
546 373
38 569
665 434
683 308
719 658
781 927
284 665
380 50
47 170
113 841
629 641
603 106
159 728
825 151
312 65
761 918
356 138
873 992
696 188
338 976
29 365
640 318
750 201
700 998
99 248
778 644
928 249
13 953
108 377
694 528
327 25
352 971
982 287
674 580
568 63
382 763
522 528
744 640
283 12
446 584
784 631
378 898
51 24
19 502
739 391
965 713
947 82
415 680
911 567
592 541
838 374
829 138
840 701
892 750
767 450
145 333
952 555
436 836
502 461
231 1
511 273
3 200
64 298
581 283
782 546
71 745
281 95
101 614
70 419
317 189
349 376
334 468
926 760
379 765
825 523
54 983
918 780
941 421
889 908
564 864
637 374
746 359
413 844
965 303
56 695
55 315
628 111
315 662
281 490
67 473
50 665
414 78
695 203
546 898
441 236
760 782
134 57
854 616
176 335
582 699
894 377
886 440
46 772
216 731
74 793
605 485
517 921
96 517
780 681
930 282
402 931
972 770
886 731
669 127
962 235
912 988
227 560
108 703
270 218
227 219
928 150
378 341
198 584
807 934
757 727
155 263
820 19
52 901
327 253
511 864
627 523
496 7
406 756
709 327
481 796
660 58
947 912
674 616
911 885
735 17
999 924
356 738
855 664
108 3
19 530
960 436
135 748
835 852
966 254
24 791
174 989
480 216
904 682
747 122
553 197
183 902
240 760
349 442
747 11
175 610
161 389
399 862
535 194
224 76
390 375
46 501
28 768
732 236
988 134
127 714
275 981
132 970
171 612
903 175
618 135
837 423
968 426
417 420
720 699
516 652
595 141
98 847
873 467
432 231
231 745
522 336
202 362
85 712
506 895
504 269
451 18
694 114
173 192
516 930
828 908
869 200
393 877
176 363
530 854
197 715
471 444
259 884
208 156
119 366
67 211
103 785
752 857
768 30
328 517
470 504
78 497
854 342
829 556
441 859
916 642
159 801
473 42
185 350
562 824
212 641
87 579
346 715
331 21
556 586
777 435
743 840
268 514
916 962
904 10
869 622
545 808
88 941
238 567
776 196
713 36
544 342
985 210
77 410
472 443
330 57
882 634
757 894
905 561
619 885
691 96
529 397
433 304
774 937
649 564
652 333
917 607
796 556
33 852
233 164
97 109
193 690
927 507
179 579
554 669
227 847
603 980
399 547
214 758
23 547
11 27
512 516
876 695
436 548
880 690
758 695
380 841
474 258
916 221
903 53
152 2
766 237
825 797
737 505
385 396
152 433
537 722
599 983
357 472
51 677
234 533
716 657
823 751
591 627
668 556
113 404
506 629
783 277
507 404
588 475
57 101
739 577
636 268
172 626
802 281
26 443
517 866
45 455
264 920
462 991
213 475
554 846
311 802
402 122
60 610
316 980
377 738
684 257
540 939
83 944
47 213
190 681
530 145
736 902
74 277
809 862
957 206
792 733
796 76
890 147
784 524
54 243
770 595
455 289
973 676
669 619
799 716
896 997
93 313
930 858
938 668
904 772
801 652
969 354
737 782
477 11
705 296
300 516
726 582
223 551
19 808
796 560
249 837
712 555
948 875
552 52
590 524
827 874
794 17
690 414
15 817
70 324
515 217
439 145
211 366
604 495
38 821
932 310
954 202
693 259
159 135
2 734
186 35
431 775
678 311
2 625
323 23
938 442
327 583
828 948
561 855
265 146
284 666
346 79
332 174
573 1000
464 45
29 74
886 764
466 460
47 538
583 564
30 332
177 808
502 868
53 358
365 212
866 475
648 794
80 332
249 459
47 888
803 810
971 188
5 989
574 107
904 115
209 761
249 436
618 855
69 609
919 822
497 171
193 597
347 900
666 580
978 946
631 876
687 942
909 416
841 193
911 566
973 191
966 333
829 137
813 516
745 854
407 983
46 141
50 112
583 158
417 851
522 41
329 191
292 53
738 197
919 120
924 965
528 267
891 545
496 546
745 624
357 634
305 23
127 832
93 80
849 722
645 809
334 426
262 455
923 411
124 970
841 143
287 16
589 656
665 192
295 517
387 582
234 169
954 502
497 585
672 871
840 201
336 344
776 901
318 728
444 883
873 391
312 401
884 257
264 532
281 410
474 109
299 10
590 198
176 430
324 638
997 337
319 805
443 177
752 619
248 87
535 970
543 891
235 724
716 158
536 971
169 230
946 406
913 231
770 616
346 534
574 150
901 175
485 961
658 181
326 463
61 146
731 774
416 946
662 644
169 273
577 444
897 370
219 695
291 770
148 761
519 922
129 37
79 931
269 839
74 225
994 571
390 741
338 170
46 395
28 658
103 110
982 855
584 392
751 763
535 201
58 349
416 832
338 61
193 838
645 926
680 585
707 569
874 42
675 87
287 901
736 71
704 485
244 294
211 663
603 745
180 590
55 286
811 932
557 184
704 532
759 77
964 78
180 765
419 627
613 353
85 696
936 578
953 164
38 582
350 110
150 848
835 72
546 45
68 697
255 889
574 743
387 778
26 953
150 963
984 873
530 633
644 497
989 832
677 834
498 861
428 688
895 327
551 98
147 936
630 569
117 922
744 940
997 454
161 708
803 789
697 506
663 770
646 461
540 832
557 798
248 854
506 18
967 131
1 920
95 68
609 359
616 373
967 448
442 749
578 209
579 536
943 91
286 826
530 76
416 724
933 17
883 957
347 972
390 788
467 131
748 16
221 432
773 521
562 460
857 696
398 710
239 732
850 467
813 733
862 793
642 455
19 892
135 774
2 985
171 562
153 35
248 95
874 255
970 682
66 789
405 125
950 171
509 57
101 159
965 486
676 879
441 186
762 494
907 289
974 317
559 946
769 301
488 251
531 513
362 732
777 897
390 156
765 458
591 618
647 316
696 670
143 237
988 606
20 344
364 651
242 235
540 646
9 90
428 660
639 840
247 730
434 473
198 518
207 764
444 906
32 4
837 260
768 392
109 234
38 46
737 599
722 835
908 640
227 496
1000 560
322 452
734 257
130 691
244 533
128 653
384 593
651 287
900 322
136 751
924 344
672 289
377 29
984 499
860 878
607 307
727 942
710 56
97 31
653 152
451 512
326 832
421 543
615 970
136 860
447 596
997 364
724 834
637 767
768 748
676 941
804 250
495 957
370 434
794 304
337 187
257 410
298 550
462 461
447 411
621 828
822 125
171 333
389 286
727 304
488 215
381 737
346 221
903 449
259 830
607 557
237 853
60 946
756 663
211 794
94 625
609 947
928 285
431 698
752 753
877 934
994 530
795 559
62 98
583 708
847 883
39 278
460 297
463 634
924 248
526 860
742 264
948 246
587 286
270 30
646 405
134 697
198 268
938 863
443 599
226 93
338 643
446 590
840 961
496 507
39 965
80 762
943 19
832 976
459 606
934 595
467 187
982 622
841 923
90 283
353 32
173 373
376 383
914 537
922 275
794 195
961 385
799 342
383 725
573 357
280 756
281 93
905 955
710 966
289 634
61 938
850 189
487 712
576 515
923 696
448 728
993 910
355 596
870 373
964 250
604 129
785 985
271 882
128 484
596 72
831 362
778 98
926 186
821 384
454 683
539 883
425 439
902 195
800 645
363 751
604 935
350 903
57 156
574 859
392 151
321 279
485 524
968 92
640 365
484 316
307 853
592 5
117 566
834 94
925 309
285 918
753 22
756 411
153 744
393 493
565 335
416 858
1 812
74 298
290 895
955 626
710 469
921 647
588 646
537 940
493 405
369 760
922 894
652 427
174 995
446 836
32 520
288 610
491 173
990 129
370 822
512 877
879 907
715 666
274 988
776 614
135 797
317 602
267 365
675 376
509 306
291 99
590 581
862 750
97 432
261 839
62 918
548 89
884 913
148 335
665 163
10 424
284 799
396 140
487 748
102 909
985 815
488 881
231 747
16 984
399 495
71 898
756 442
547 993
642 983
537 187
439 623
134 27
104 944
414 827
632 358
342 457
90 158
518 76
332 247
488 461
436 53
455 251
111 373
100 421
851 802
363 600
990 519
871 326
136 184
467 582
873 591
268 941
51 263
476 776
477 609
377 693
692 4
271 443
644 167
836 564
169 193
667 334
260 168
999 557
91 810
801 388
79 755
69 163
619 998
710 307
820 279
773 352
717 697
219 730
151 420
891 635
529 173
267 301
948 657
426 38
279 433
871 59
139 322
480 954
912 66
396 371
878 127
135 150
301 170
947 632
766 284
439 828
222 692
614 234
46 646
174 443
656 470
993 907
48 529
150 250
401 842
992 333
775 100
669 481
780 958
806 698
976 849
391 748
11 328
750 359
327 754
776 730
845 113
544 996
329 922
401 517
698 373
104 74
711 537
17 565
387 542
811 79
8 304
887 248
717 788
969 865
803 931
493 953
403 305
453 294
919 402
721 495
118 345
374 247
229 720
252 535
91 659
296 297
403 527
100 579
765 879
397 21
865 597
518 519
170 657
634 154
264 470
486 767
343 834
843 186
169 479
244 901
173 511
999 823
984 500
433 338
397 247
351 624
468 316
254 325
435 557
610 485
118 692
684 580
932 340
272 608
783 820
698 512
20 628
2 11
847 97
560 609
875 920
474 595
832 885
317 755
799 147
881 795
846 346
815 463
296 530
211 737
598 991
894 102
162 423
883 211
167 698
426 496
832 531
116 303
267 224
324 471
904 8
55 321
42 544
152 96
432 816
180 694
898 565
863 273
835 114
138 238
871 624
446 160
530 559
580 168
218 3
587 435
556 863
941 915
479 728
927 704
217 841
293 676
99 365
564 225
195 670
531 984
694 612
255 534
990 735
437 709
973 403
77 606
155 316
999 663
194 474
838 531
859 468
790 726
904 117
812 934
911 290
400 468
393 776
960 316
105 975
71 166
476 534
757 899
101 943
379 797
934 883
5 581
465 924
117 502
771 18
516 12
433 452
408 524
227 602
211 65
857 759
163 290
236 660
112 394
934 605
404 568
284 585
260 676
120 901
942 56
784 54
303 518
514 195
239 388
944 819
905 563
567 842
509 158
202 742
154 837
263 37
361 415
219 873
936 943
556 360
520 686
63 904
806 992
914 986
935 708
578 835
387 870
502 672
509 849
801 645
480 601
635 655
29 778
290 470
648 764
668 743
744 261
