1000 9894
285 81
627 464
740 209
595 558
691 943
164 789
56 246
418 485
423 884
890 533
138 996
965 261
984 271
858 254
617 452
282 18
234 924
990 699
21 794
129 858
435 56
273 949
825 384
829 344
297 63
227 442
389 983
415 619
182 866
922 605
523 854
636 949
529 277
584 840
2 399
574 359
995 782
154 111
377 107
620 481
912 298
253 648
52 597
36 882
576 839
706 726
344 779
498 794
614 530
412 988
548 741
979 96
770 181
783 876
474 920
550 553
844 846
62 919
799 218
28 682
110 687
550 952
664 631
520 763
461 831
278 735
542 632
923 534
334 467
842 458
215 225
306 703
555 524
148 174
811 934
569 664
452 356
457 860
893 239
698 495
592 678
185 16
122 961
851 711
304 292
125 822
845 477
21 747
691 907
213 339
76 117
72 832
536 156
713 982
367 990
960 952
777 214
579 222
796 713
207 749
342 168
365 9
811 499
688 582
561 712
979 998
184 165
276 765
886 964
299 564
446 293
873 735
657 512
607 587
429 526
505 216
855 712
187 548
882 328
422 135
528 536
50 468
976 794
472 446
145 488
735 903
38 381
264 394
348 640
921 488
869 549
616 676
537 568
184 339
157 855
174 111
71 541
789 402
679 802
245 346
401 120
456 479
274 848
684 735
794 427
906 545
248 646
338 31
546 536
714 322
898 157
646 551
594 236
866 521
922 279
119 779
909 571
346 421
272 448
524 342
820 717
413 817
219 206
883 103
703 688
480 658
46 609
604 219
676 760
612 766
461 150
778 168
651 938
450 169
488 12
470 172
676 591
474 35
590 141
388 887
831 173
986 390
748 869
574 641
77 855
9 207
580 158
273 706
593 505
963 795
967 835
717 792
789 635
863 180
493 841
44 860
801 310
269 953
198 294
716 167
97 698
522 632
285 695
882 568
624 532
532 561
683 967
922 661
904 952
282 884
774 720
168 115
648 445
891 681
675 580
159 455
734 33
516 380
330 171
3 67
757 192
4 321
465 960
780 313
106 818
213 638
553 482
992 959
365 580
671 673
323 591
529 136
748 276
822 567
384 473
59 217
727 229
767 153
330 459
665 233
974 797
405 46
922 248
46 304
362 909
721 578
507 760
831 525
392 722
345 854
785 721
145 818
241 677
993 918
116 803
500 642
263 230
620 659
769 101
497 421
129 198
497 908
993 519
163 931
519 70
267 965
835 117
410 840
251 874
712 200
324 754
238 84
699 962
24 202
243 510
212 887
525 834
472 540
992 978
995 456
647 691
501 671
859 265
950 608
891 411
494 284
356 261
857 280
199 185
32 114
591 999
893 361
602 460
307 232
643 514
809 814
118 186
104 468
958 280
384 753
855 752
731 910
112 94
165 44
118 68
503 107
353 102
4 509
326 128
494 954
853 753
329 13
884 729
44 480
27 722
125 955
249 870
33 785
310 295
281 35
889 182
249 727
909 865
315 460
543 236
923 456
489 81
641 380
223 800
224 898
331 934
188 549
119 755
300 47
773 864
237 644
138 417
357 59
820 645
90 870
917 185
962 594
881 514
664 216
132 534
872 347
526 706
964 267
76 78
986 463
734 865
829 915
891 326
578 392
48 619
94 482
469 980
136 158
707 329
618 916
351 35
877 905
769 958
221 997
394 685
695 937
810 213
294 962
832 421
728 374
660 567
19 425
807 640
95 242
762 925
247 983
784 599
296 113
532 856
757 791
773 530
395 980
586 417
254 307
880 206
740 938
430 190
509 351
814 32
282 497
779 445
932 107
951 409
59 969
145 220
407 587
250 668
513 484
441 449
115 790
978 104
444 716
803 111
328 77
487 522
699 78
93 851
45 208
353 401
46 731
485 25
894 447
883 138
99 923
55 648
811 822
24 100
25 973
471 440
114 215
557 343
461 322
579 419
323 353
806 638
494 250
42 283
740 246
150 966
983 434
458 555
556 800
315 882
268 984
395 410
950 552
94 478
789 614
369 205
9 908
462 886
748 591
531 19
995 5
950 987
78 774
373 702
635 71
857 193
218 397
950 842
184 277
362 669
574 38
304 874
66 841
305 519
655 291
875 202
554 178
540 97
279 15
725 43
339 864
302 340
862 140
420 167
757 890
667 110
523 962
799 613
468 171
457 446
956 64
135 605
786 693
411 477
486 819
178 448
269 791
643 22
457 15
95 374
870 917
546 823
951 332
2 822
573 314
480 87
617 634
852 503
369 413
495 801
760 142
110 584
129 479
903 143
31 464
513 369
56 644
163 168
606 604
755 770
168 754
996 568
832 521
157 410
86 544
729 951
417 309
509 935
257 300
223 649
975 702
46 614
642 953
719 645
259 131
689 370
161 185
396 768
716 653
272 894
648 693
433 369
206 667
155 903
767 458
461 503
669 178
906 324
998 550
423 209
53 157
471 674
420 688
995 316
479 215
137 146
583 733
824 180
440 189
318 162
194 500
696 110
15 198
661 688
995 26
790 699
668 3
139 855
912 597
643 455
61 102
300 738
959 669
434 24
532 673
9 612
800 361
250 272
549 98
459 516
957 285
875 124
787 706
406 801
748 277
88 601
400 965
719 180
687 458
799 268
568 834
242 533
25 73
727 638
528 80
418 936
20 852
830 680
595 216
747 501
918 980
633 510
228 934
724 547
266 71
750 551
832 962
511 623
793 366
6 141
87 495
487 788
823 862
684 524
20 25
439 593
238 85
208 88
63 42
30 289
330 502
180 470
989 788
973 175
441 806
411 650
198 726
711 383
812 642
852 695
561 646
9 909
508 521
808 693
113 63
208 789
264 7
321 42
412 391
364 904
990 876
222 506
612 166
871 536
941 49
491 270
249 440
138 691
86 325
587 480
491 279
181 639
356 715
867 193
677 64
991 352
683 691
177 756
785 231
143 981
23 163
211 67
728 983
710 27
65 102
272 77
417 400
519 963
791 190
150 34
353 918
490 25
897 719
805 974
442 228
279 507
837 61
604 344
272 363
991 804
690 706
447 730
586 846
664 908
723 428
258 677
940 969
63 951
410 536
512 704
736 46
884 158
78 77
371 965
686 396
608 71
231 593
894 275
452 258
971 818
879 421
664 170
115 456
333 1
9 475
238 620
51 880
198 897
548 484
95 539
276 167
501 848
453 579
416 290
95 680
261 198
744 150
600 922
802 490
604 930
181 927
536 130
864 543
428 170
721 250
593 518
354 485
81 347
160 150
787 499
886 591
133 173
551 459
259 731
901 168
152 937
887 83
174 554
199 899
490 903
341 674
127 462
164 580
213 861
782 84
804 564
933 232
950 798
717 513
350 58
226 124
632 999
363 189
330 14
79 649
952 458
467 235
801 735
624 998
587 7
350 340
133 726
931 745
588 528
183 876
759 291
921 387
460 867
693 943
805 785
398 665
187 454
649 765
11 788
378 615
310 256
135 175
712 758
486 193
568 890
371 137
591 38
48 14
135 60
193 971
323 804
401 978
577 877
427 770
104 661
270 716
720 591
257 455
242 831
884 242
297 966
889 540
543 481
589 355
208 258
375 878
237 905
509 740
599 959
406 873
906 194
569 489
273 740
311 932
661 441
105 585
363 605
420 748
517 154
704 871
317 356
821 501
51 264
490 872
790 813
916 600
574 84
811 258
706 116
525 839
407 196
691 329
639 519
734 297
662 602
757 968
562 742
378 967
601 350
70 913
642 341
701 17
438 874
761 382
173 408
464 804
164 173
404 668
633 820
939 789
11 594
853 711
620 86
69 153
666 346
685 398
649 648
634 470
727 887
124 808
496 60
992 772
370 680
764 30
170 143
491 936
220 106
165 551
941 198
304 149
654 725
673 665
619 325
529 605
569 984
769 238
899 651
936 617
503 955
764 589
413 783
675 196
824 650
436 720
608 33
646 839
578 905
523 8
484 228
780 953
342 270
203 596
789 965
559 815
604 836
73 916
147 381
132 199
651 829
926 241
363 795
290 655
574 647
902 142
138 811
397 590
660 948
241 84
270 104
811 64
27 497
513 734
56 31
812 558
483 96
969 809
204 212
296 413
528 856
618 892
912 711
507 983
423 749
92 942
753 940
870 709
743 585
212 503
749 312
613 667
369 564
957 427
729 308
413 704
735 778
149 627
539 55
727 557
637 808
653 3
636 733
89 518
349 76
79 103
995 550
253 465
176 654
598 641
358 154
322 900
162 593
348 650
336 964
338 110
374 592
158 669
286 470
344 739
175 865
872 933
563 712
927 107
895 295
788 739
382 462
349 671
847 128
867 862
546 420
814 827
138 312
233 126
675 19
419 465
106 511
103 481
444 681
698 67
336 256
443 575
655 531
983 166
508 6
110 310
310 237
261 336
925 233
964 273
530 653
462 610
51 565
530 919
426 486
823 639
863 690
275 61
221 643
171 252
85 350
659 163
919 749
380 413
956 598
958 60
118 265
192 951
435 33
255 736
181 717
916 528
743 655
924 1
763 53
66 799
208 349
787 909
749 506
201 572
493 700
98 172
209 781
504 619
1000 528
140 393
71 163
218 757
311 592
297 226
264 501
288 491
507 721
828 237
169 312
577 427
250 309
438 972
938 524
156 577
610 388
747 523
489 303
424 440
58 322
774 660
850 294
870 813
715 415
324 129
272 364
116 99
246 852
542 515
731 229
249 582
797 348
860 98
112 762
339 437
633 890
822 418
519 390
957 853
944 28
542 234
766 223
404 763
915 621
66 92
976 909
573 805
615 430
263 341
16 670
272 808
973 112
777 221
885 868
464 64
63 248
790 357
35 410
760 754
66 447
656 989
23 142
481 892
25 642
210 659
686 841
428 713
655 186
693 115
397 662
706 254
742 736
14 161
521 51
958 472
892 324
1 951
679 358
356 40
614 981
652 754
982 399
752 334
919 324
762 923
37 51
147 591
867 252
562 338
348 703
844 532
813 611
892 776
197 462
514 384
128 715
753 598
853 659
987 641
344 957
75 575
775 497
334 280
687 284
600 366
474 615
715 623
188 997
944 331
671 776
474 534
681 572
44 228
104 519
410 458
859 745
381 101
60 654
850 44
499 230
233 54
965 269
183 320
530 401
261 502
229 2
584 239
675 184
159 491
695 293
642 979
3 342
275 294
774 188
25 979
137 265
120 463
193 641
252 212
418 290
150 853
357 319
735 610
646 21
998 568
88 676
256 471
740 71
816 440
959 167
381 651
686 779
668 283
134 603
589 658
30 536
15 236
717 962
496 202
929 722
17 504
218 52
826 842
15 152
888 811
830 178
616 378
448 412
191 636
912 619
680 727
576 920
202 22
41 172
297 314
526 811
957 205
606 119
753 737
610 106
594 679
840 763
199 596
718 764
145 252
723 806
908 52
305 961
892 899
248 245
604 904
586 165
520 523
492 912
153 38
524 115
598 836
780 668
188 632
337 162
429 258
736 120
975 267
873 433
250 912
163 827
572 581
684 399
752 925
396 947
402 688
78 309
890 775
778 293
655 943
34 935
885 414
719 564
535 664
850 709
405 391
67 181
693 137
307 578
489 619
953 52
826 298
313 213
960 872
78 471
32 315
358 839
198 744
971 424
845 335
228 343
321 211
194 67
15 627
164 481
933 845
381 768
679 345
369 888
383 833
251 380
624 754
245 901
420 999
593 553
389 556
178 817
160 300
415 556
762 980
69 425
363 132
843 190
455 684
563 15
78 576
822 1000
89 660
623 851
795 416
689 613
266 702
438 912
881 628
712 593
288 797
272 242
398 854
594 941
22 450
743 12
397 810
395 252
714 274
823 148
349 365
618 182
211 372
174 360
512 631
569 906
21 251
115 208
577 955
528 225
3 25
841 894
860 14
897 60
936 582
149 167
6 240
500 653
449 949
102 841
450 486
620 654
112 957
42 556
929 380
968 198
399 336
703 806
997 69
973 220
883 745
295 48
371 694
431 720
773 453
716 258
110 17
995 461
25 677
834 853
752 758
19 67
38 951
282 659
190 56
462 829
538 305
53 352
521 479
702 87
351 15
8 447
87 513
736 969
494 637
502 24
540 52
268 343
911 655
292 349
610 816
882 557
117 247
994 83
835 865
472 377
700 289
424 252
722 814
619 819
911 551
680 973
801 185
867 417
706 609
545 677
396 484
109 670
601 142
644 703
921 342
496 547
552 82
998 723
447 998
268 155
658 527
440 784
336 929
154 222
603 997
965 246
785 400
783 901
59 162
811 656
314 920
447 708
139 31
289 750
509 11
556 356
742 123
46 706
908 297
270 758
332 923
513 40
203 654
168 859
725 781
542 845
673 930
445 854
215 63
20 63
518 202
522 153
525 786
693 336
949 198
53 49
91 226
256 349
919 786
25 528
216 593
142 889
816 660
358 783
402 45
118 507
155 367
664 152
47 949
308 391
686 986
846 643
230 880
925 304
85 83
749 76
74 708
990 846
815 289
505 192
910 15
571 773
294 848
43 592
772 187
95 268
957 97
282 171
728 151
875 280
46 633
65 912
455 628
313 939
592 814
620 108
254 310
182 563
993 422
186 191
219 570
93 29
990 277
614 481
581 248
874 370
508 532
897 809
606 837
330 448
849 560
999 430
31 104
241 958
343 330
235 453
914 792
224 50
600 397
747 302
642 142
129 97
391 993
733 864
864 241
367 38
495 93
81 249
411 740
238 305
359 685
354 818
7 806
281 303
67 75
656 540
332 157
849 13
133 860
92 1000
152 827
329 490
940 123
20 322
403 58
161 982
431 207
964 505
724 546
825 85
792 266
9 32
319 839
251 117
821 129
420 750
518 355
186 904
82 809
636 128
123 63
161 734
911 700
207 634
869 518
210 397
387 262
105 873
18 80
934 66
574 37
903 913
874 771
145 83
636 982
468 71
236 427
114 971
518 878
300 648
832 434
887 629
568 587
329 121
580 742
303 597
442 299
225 169
762 368
157 708
14 907
880 971
419 217
996 709
874 17
879 648
148 360
752 53
131 634
44 201
638 904
569 990
168 757
690 678
105 94
702 468
951 902
115 321
266 49
102 692
604 215
570 99
897 241
384 940
88 184
209 185
765 452
641 244
313 107
333 344
171 5
449 379
341 957
638 701
566 142
532 10
937 734
351 372
423 171
834 846
941 938
212 974
857 407
86 995
143 24
381 573
350 948
703 112
134 437
707 373
321 210
673 37
378 293
530 486
646 272
189 347
84 139
248 888
959 952
66 825
895 574
933 221
293 126
481 114
39 590
248 743
246 54
55 952
591 690
291 533
592 480
875 339
417 991
416 758
382 929
329 3
183 688
451 927
832 142
596 351
389 717
420 430
503 675
966 57
126 426
218 817
44 446
545 502
792 960
889 444
873 769
546 999
84 922
106 830
814 894
770 255
496 514
260 717
267 347
951 429
898 91
871 511
121 260
598 758
551 184
824 987
966 362
295 542
85 966
447 675
918 778
713 883
349 669
315 277
408 241
444 759
375 669
159 140
676 826
224 873
79 421
245 973
493 451
864 185
759 936
82 282
217 513
146 639
953 373
889 164
158 238
180 290
815 712
599 97
391 604
750 503
588 502
226 531
99 259
603 147
731 454
609 806
498 927
118 412
639 874
850 236
179 264
414 673
878 394
991 169
259 736
504 655
549 719
142 47
961 653
972 202
982 279
13 922
492 103
520 426
460 517
522 536
338 637
14 404
416 675
843 204
207 365
801 560
741 587
839 152
397 133
921 571
585 12
207 274
687 36
639 319
72 527
400 6
537 587
60 48
832 25
838 99
258 495
296 838
479 373
395 138
223 818
128 527
24 592
526 232
173 17
637 556
675 467
552 422
185 579
59 86
943 706
693 667
489 85
676 975
590 781
668 943
315 305
957 994
483 691
745 292
618 58
998 958
751 567
715 816
63 772
232 256
506 867
413 245
579 923
756 117
241 470
578 975
532 522
587 871
571 94
674 77
161 102
881 663
402 776
590 201
354 625
11 96
637 178
340 170
414 995
697 5
233 16
904 425
225 1000
148 924
68 610
363 626
521 160
207 781
703 136
299 702
832 301
105 739
697 487
346 767
868 443
540 891
703 281
192 745
299 719
672 163
686 422
969 999
109 172
672 390
446 669
278 352
109 829
330 954
494 649
795 220
852 795
853 462
910 191
507 526
736 820
257 717
754 517
593 897
943 61
800 293
967 331
952 608
993 308
866 58
924 661
335 429
706 723
50 15
982 908
568 688
663 35
477 76
188 129
391 284
788 976
75 561
822 838
366 594
130 185
318 818
500 945
395 7
876 564
842 356
36 307
991 773
428 69
637 673
908 383
744 191
522 457
802 841
766 110
803 480
860 247
745 145
671 185
987 252
717 299
898 583
239 91
96 475
725 800
531 603
396 792
241 323
683 372
59 574
100 386
413 507
270 412
843 618
509 594
327 789
189 596
977 179
933 629
4 863
262 659
583 757
674 819
930 425
130 789
377 799
773 45
151 905
539 17
781 530
958 895
308 356
184 170
983 336
460 367
961 438
502 982
606 456
832 389
943 883
874 768
711 119
511 925
38 487
97 953
338 581
247 951
482 959
291 969
348 750
163 586
800 321
288 533
473 765
334 600
541 758
793 670
37 311
733 438
194 46
644 503
700 200
258 471
822 114
796 603
871 49
735 728
107 332
839 535
54 885
59 33
277 218
756 627
558 69
118 588
215 418
578 367
515 370
242 636
995 619
523 434
177 495
713 141
72 3
167 652
993 909
243 90
760 112
758 655
854 974
980 637
693 580
50 710
384 62
704 631
318 667
158 96
937 13
441 44
394 346
494 43
729 634
541 47
744 322
946 898
932 813
347 327
263 701
730 908
735 413
700 987
122 956
322 138
934 397
960 520
498 971
373 749
544 311
707 261
639 710
35 940
380 491
675 498
249 416
446 714
606 420
365 266
373 783
782 19
25 38
53 605
166 340
923 75
28 365
505 104
947 65
149 527
421 362
98 489
27 943
890 125
692 939
434 999
622 556
292 25
205 808
166 566
830 537
212 208
144 16
571 901
611 715
229 703
760 15
658 553
823 353
224 157
443 125
542 587
853 570
802 572
140 955
803 205
14 868
20 737
318 970
41 716
893 878
126 103
112 721
242 608
573 572
81 806
318 597
286 247
236 882
898 493
25 102
560 212
392 678
745 216
775 996
794 733
376 516
459 463
777 934
462 758
507 475
732 272
333 379
772 59
712 348
622 195
222 118
275 62
259 965
406 788
356 179
263 673
782 435
587 553
290 513
592 897
433 618
482 377
190 62
32 456
285 794
803 837
588 213
481 567
777 98
671 217
251 173
609 367
469 335
181 635
863 115
518 586
359 272
70 845
175 130
93 529
218 867
348 726
421 369
453 125
18 714
718 651
967 293
443 955
814 158
163 296
454 345
383 333
1000 106
310 312
853 990
837 57
729 672
567 832
272 367
440 897
495 869
690 269
867 310
864 120
556 358
177 561
758 580
797 588
120 216
943 690
965 278
404 745
987 354
237 639
815 62
992 412
901 574
573 689
776 909
693 444
519 704
864 838
719 712
869 219
745 69
617 24
17 836
719 439
200 334
328 643
203 529
954 955
99 576
81 445
564 574
747 640
108 300
384 772
702 388
488 68
962 369
871 739
204 12
753 456
8 383
725 734
247 110
618 526
602 139
584 690
289 266
898 932
235 396
925 413
87 131
217 984
933 946
490 437
688 559
736 983
203 42
958 430
687 884
123 371
736 838
19 428
402 348
818 852
436 118
13 182
622 650
753 873
761 358
407 898
282 597
841 414
839 895
986 721
164 181
726 318
187 764
66 691
491 162
109 751
320 711
140 29
767 126
206 298
282 506
68 463
586 140
711 517
224 69
633 239
962 975
745 485
802 612
567 975
879 630
438 120
798 392
91 260
811 527
519 342
546 464
489 449
163 768
699 178
936 512
272 760
147 913
816 965
746 266
275 408
663 821
647 464
265 210
712 261
531 890
863 614
275 9
78 510
981 759
378 412
865 902
555 206
441 787
428 862
303 332
803 908
53 309
419 951
167 269
916 670
66 160
319 726
838 962
105 734
952 193
990 665
238 994
494 584
702 109
99 56
544 411
344 433
236 937
368 23
866 266
795 778
544 10
249 372
948 292
476 549
352 635
783 394
572 335
153 491
331 507
245 145
256 716
434 960
793 575
369 669
151 445
245 2
887 631
980 75
800 433
70 449
255 249
700 600
889 23
457 131
225 175
278 915
96 928
391 144
749 867
594 684
489 242
770 578
687 418
766 425
987 55
823 34
789 382
39 645
704 426
302 420
980 527
858 659
805 740
242 716
150 443
656 348
340 797
306 861
863 791
275 726
944 39
558 688
674 400
603 378
380 945
572 567
722 356
355 661
101 121
506 523
307 726
259 859
299 74
581 560
730 794
512 89
171 309
639 616
683 480
743 878
172 619
156 352
142 823
313 331
365 231
78 756
627 605
973 633
393 477
639 598
783 200
770 697
588 912
311 731
214 430
424 485
118 195
661 80
302 266
675 876
910 197
549 779
625 157
257 667
350 502
649 893
445 258
426 397
862 109
370 919
259 66
288 562
979 192
359 34
434 887
405 935
455 975
336 809
871 455
457 191
184 993
27 637
266 927
943 955
141 461
469 960
3 500
866 692
794 393
372 189
335 811
418 933
861 463
497 676
205 363
67 342
414 457
210 338
138 439
102 844
548 382
676 651
913 985
954 53
129 398
724 671
447 16
33 292
453 655
419 563
635 617
356 94
345 491
171 99
924 931
157 12
216 632
333 715
261 126
669 145
449 502
838 872
285 872
697 88
536 218
185 300
777 16
100 185
526 949
468 709
768 509
810 104
403 338
62 245
264 12
622 909
38 66
481 679
959 990
999 541
269 150
736 955
352 948
60 381
649 776
800 172
305 578
431 134
491 411
753 844
112 84
735 948
502 695
829 47
776 133
540 166
407 121
1000 931
503 106
625 266
529 199
993 302
192 75
197 470
364 329
539 23
705 259
45 802
762 212
283 725
315 228
334 256
619 82
512 776
395 140
953 874
36 138
899 268
245 284
48 580
746 851
395 29
814 1000
447 705
16 869
202 624
901 940
611 994
906 882
210 167
226 742
298 514
64 524
985 836
158 46
909 718
414 180
38 704
650 462
100 281
104 860
926 19
881 495
220 658
279 481
788 199
694 645
388 821
410 985
489 544
329 859
769 662
772 723
185 479
575 238
388 196
372 875
693 127
548 854
950 582
882 904
591 848
540 710
320 417
602 59
711 367
70 637
859 408
635 465
661 642
973 432
722 880
894 221
29 504
579 918
467 400
528 109
363 291
806 99
668 349
62 499
924 506
697 560
554 875
656 120
278 315
248 400
799 655
771 486
701 121
285 907
814 328
287 328
884 660
611 884
435 677
758 229
652 306
415 404
516 449
387 906
573 272
150 195
886 345
12 32
527 707
453 475
617 529
27 549
447 660
823 112
533 914
645 901
885 256
489 16
162 375
510 351
99 816
621 875
368 799
556 218
258 565
432 208
103 549
766 255
544 487
971 725
882 488
367 144
812 3
775 137
450 416
406 703
293 946
692 167
726 456
559 977
619 560
886 642
190 149
191 164
433 896
558 495
208 948
873 934
621 320
420 745
238 880
609 876
848 228
958 105
502 933
216 334
307 185
511 697
592 217
893 66
597 280
247 147
809 872
459 931
1 768
682 701
757 979
789 903
706 352
801 525
1 689
368 246
121 807
204 580
633 846
61 205
404 665
294 605
959 299
941 332
583 345
568 590
54 553
145 259
692 759
940 729
816 471
780 114
345 929
92 442
111 654
230 728
262 388
27 513
121 478
672 986
895 270
291 404
918 851
188 628
963 422
874 119
894 114
567 56
219 854
93 689
884 172
676 656
665 417
828 571
261 470
638 966
646 971
462 664
724 747
138 242
546 215
713 638
896 10
327 746
458 663
523 237
449 376
872 40
484 854
512 201
217 885
384 798
537 586
961 374
601 927
967 824
167 304
740 502
118 294
725 262
83 954
279 273
891 979
119 316
899 966
832 483
106 648
807 582
775 433
796 245
669 609
359 383
625 365
878 553
496 295
598 440
290 672
988 527
41 797
424 147
379 182
908 253
835 935
250 397
163 270
218 943
671 686
693 994
13 304
931 821
73 29
456 403
475 401
505 300
520 604
480 9
384 335
955 24
422 454
903 344
262 352
48 220
414 447
823 1
925 98
112 723
279 691
432 202
474 381
366 839
629 963
997 879
954 50
428 301
796 678
850 786
688 249
622 342
750 267
612 360
224 569
133 913
891 435
176 444
285 246
954 647
116 750
467 808
178 653
711 501
324 915
644 434
136 233
744 94
913 471
962 122
221 922
132 125
761 765
601 868
880 285
330 727
42 142
226 995
189 237
173 680
504 513
629 177
587 486
401 37
926 668
333 782
407 11
842 362
709 20
881 106
625 184
433 643
348 545
520 451
353 349
279 77
728 191
265 903
801 565
948 396
821 698
750 174
478 311
836 685
283 295
467 66
221 463
538 307
875 607
908 225
288 175
325 49
314 834
124 877
987 553
79 247
228 659
799 238
784 189
490 146
59 107
775 881
270 843
646 742
958 724
116 159
244 468
119 712
599 706
871 857
448 421
23 722
620 750
346 279
115 462
501 937
120 440
531 202
590 93
39 233
276 173
206 682
372 598
56 783
236 854
903 626
481 774
66 440
764 199
842 997
186 513
695 136
104 138
748 723
237 82
38 141
755 429
521 165
152 512
134 624
270 80
971 197
578 33
969 996
967 145
208 646
651 46
13 803
288 302
307 122
691 555
922 677
985 195
89 310
273 207
772 167
108 133
60 96
600 667
247 754
73 251
454 296
572 139
296 918
261 940
615 807
248 367
698 593
491 821
220 237
97 790
3 273
334 285
709 447
927 264
32 751
428 18
435 666
747 149
349 337
405 111
98 979
494 525
513 366
842 773
6 27
348 367
370 499
153 367
20 57
817 176
432 146
414 6
822 387
200 142
220 337
704 622
46 589
935 369
264 570
465 239
11 572
475 818
757 235
976 253
482 426
869 78
319 109
379 222
647 459
422 366
264 792
502 664
910 691
228 65
475 720
953 923
446 499
377 247
660 781
899 719
118 475
816 515
468 766
35 949
17 354
950 978
311 832
810 33
920 609
868 383
599 105
445 26
304 914
657 914
86 276
476 688
402 303
701 329
648 171
575 368
709 974
156 962
969 529
640 543
715 117
93 441
614 837
62 492
50 237
406 393
339 982
143 922
888 637
740 998
322 779
128 684
112 379
520 978
996 995
633 943
795 328
559 403
176 664
638 440
201 59
447 971
352 441
23 854
816 456
465 766
875 951
968 275
498 817
572 909
23 967
944 364
653 332
12 340
419 170
183 157
580 279
495 12
297 923
51 912
766 137
692 572
898 439
659 192
684 388
225 617
798 132
512 317
894 301
72 484
812 645
367 183
868 840
7 774
413 43
930 119
324 666
287 534
424 796
846 771
8 731
726 469
599 89
285 17
180 505
588 462
683 482
901 423
299 477
1000 126
32 304
494 264
631 345
905 13
869 324
303 354
964 616
859 338
481 552
997 480
895 597
859 451
96 917
761 593
27 277
156 951
284 252
252 552
751 582
424 487
904 977
134 858
293 203
942 728
800 241
468 103
589 337
507 715
571 702
329 319
809 101
573 4
320 86
430 31
583 175
454 481
330 211
424 148
577 370
559 454
173 263
947 352
443 1
614 667
908 77
214 972
110 781
326 958
370 710
750 861
842 296
182 281
262 353
239 374
749 775
435 835
496 883
856 331
944 487
484 416
31 445
34 371
931 227
680 478
771 522
685 944
512 362
807 413
831 491
190 481
580 41
780 603
177 746
395 350
608 178
402 657
898 522
759 597
280 205
744 274
707 166
854 715
357 481
15 367
683 433
544 537
626 189
886 715
6 305
446 56
513 643
74 971
130 809
931 175
646 353
736 891
873 637
213 388
506 481
236 186
56 432
646 387
919 839
762 798
375 257
123 360
565 369
839 118
485 99
315 722
274 298
278 418
584 853
188 411
117 491
134 977
391 857
69 392
418 188
786 288
921 575
758 108
5 588
537 591
611 858
171 825
558 823
301 438
818 96
58 970
749 969
182 330
165 616
645 798
962 998
706 796
374 950
567 861
182 229
936 777
495 870
41 683
816 367
465 343
943 718
883 265
817 139
585 439
665 495
650 381
216 905
585 256
750 714
487 928
479 592
6 96
355 606
730 702
547 860
345 596
74 80
950 395
418 280
218 125
788 837
263 469
778 507
319 985
632 388
110 169
755 319
579 237
829 901
18 327
455 158
96 895
47 944
877 897
894 801
222 334
497 381
174 557
543 876
951 783
297 38
545 792
50 342
748 769
431 55
325 976
382 515
221 671
22 976
947 368
108 680
605 569
476 499
46 32
226 230
944 773
282 180
619 901
600 932
857 824
911 543
400 215
148 797
226 345
525 169
306 225
434 938
439 415
813 750
5 212
13 486
89 576
326 887
384 490
183 922
535 97
387 753
724 174
362 43
14 944
239 419
520 533
315 115
401 227
559 732
176 987
103 240
452 56
845 575
901 893
258 273
598 941
747 86
604 426
571 19
152 131
577 870
7 127
800 102
894 423
388 150
116 867
832 596
906 999
695 291
149 331
815 942
137 307
634 851
879 55
286 487
485 372
983 469
552 849
627 439
125 571
902 165
547 598
997 819
792 271
392 945
688 480
210 104
855 780
275 232
705 867
222 533
213 444
970 661
569 204
553 695
900 172
827 228
799 958
783 241
843 938
598 195
761 549
133 428
84 318
892 469
624 859
592 505
330 715
614 890
736 724
199 812
19 570
924 343
667 102
67 803
639 243
586 461
884 746
334 719
196 724
806 232
236 725
845 705
75 721
676 45
516 566
330 481
234 69
509 93
646 540
645 999
278 752
634 546
710 663
586 897
698 199
440 555
974 40
243 94
975 273
633 490
561 69
284 996
12 443
305 391
954 28
257 292
371 898
209 35
983 155
17 880
627 117
755 40
276 247
519 85
685 877
464 127
502 116
779 232
332 190
759 737
6 443
928 413
309 154
536 82
739 589
846 947
47 522
758 320
657 706
651 528
873 896
985 382
200 758
204 166
652 850
412 443
141 599
209 456
242 448
668 228
355 163
598 109
536 526
667 292
675 785
820 334
469 280
117 270
274 699
965 728
72 649
126 604
758 1
95 273
212 109
453 695
512 685
87 959
736 623
678 326
848 669
636 724
145 749
199 566
956 984
160 716
705 469
407 677
455 857
282 305
87 123
250 621
36 224
205 663
632 116
143 943
607 138
614 140
814 834
11 51
361 58
769 195
898 489
847 699
940 108
577 814
358 729
713 318
918 607
833 801
358 680
380 976
344 853
113 747
149 387
764 861
314 510
157 152
855 97
309 77
517 936
561 783
359 493
502 598
690 824
685 627
264 977
925 4
408 562
664 274
259 598
239 683
939 232
158 295
947 741
986 133
355 823
226 782
27 323
355 78
672 156
356 413
838 521
711 277
188 251
456 791
756 862
632 868
475 673
449 134
401 27
165 66
611 494
297 90
705 117
613 580
869 938
247 970
53 701
607 122
389 667
876 9
531 414
824 265
224 480
192 78
176 579
503 642
179 888
738 217
685 446
257 822
406 33
766 699
838 100
343 606
239 537
130 63
224 206
477 148
775 589
562 26
176 673
429 17
988 256
221 239
282 277
306 256
362 71
750 81
116 106
137 939
48 250
405 401
73 281
524 128
283 786
512 728
968 10
492 824
720 603
457 523
103 514
527 428
698 110
385 343
760 795
355 577
573 943
815 890
138 943
285 39
217 657
15 322
623 25
493 196
989 735
60 873
42 300
372 711
380 218
91 873
932 865
510 845
556 821
225 995
450 904
267 706
255 943
937 426
100 856
436 378
511 646
791 1
821 841
400 411
882 873
501 269
992 109
633 710
977 724
763 327
781 348
378 939
313 828
982 534
126 404
93 373
97 882
577 392
687 199
799 537
247 716
395 975
892 775
966 122
73 249
227 608
103 13
688 715
823 308
330 379
370 700
991 610
300 855
11 780
158 589
709 197
692 653
400 568
400 773
664 722
519 684
775 710
413 513
106 21
714 340
254 101
680 348
727 310
168 624
780 175
250 788
343 305
992 461
613 435
315 336
135 69
180 594
492 796
864 247
662 318
573 721
263 289
105 245
379 498
694 79
732 438
971 726
522 212
983 103
422 285
833 666
461 377
47 640
638 651
397 977
275 13
977 219
66 410
967 960
626 194
298 57
447 388
263 741
506 324
380 365
720 18
367 593
462 895
368 444
442 927
263 907
657 912
456 815
735 235
978 844
777 271
118 251
530 107
265 739
506 137
217 218
473 832
365 434
477 792
993 518
9 742
545 916
378 975
964 970
514 605
900 338
316 9
192 7
72 765
969 369
607 195
365 724
867 476
494 904
903 706
698 640
760 441
614 564
944 512
597 714
228 210
303 595
328 293
880 882
240 529
810 645
514 129
520 562
366 159
709 34
694 414
14 828
932 263
680 312
558 441
234 213
953 385
475 811
627 199
556 185
650 306
154 677
963 201
996 223
629 526
134 186
724 758
466 546
394 327
821 348
306 955
825 921
54 293
95 603
100 419
855 205
933 643
290 647
874 387
356 132
379 109
849 826
5 1
43 978
27 457
499 705
803 940
570 929
833 305
618 981
583 869
35 851
294 316
717 927
923 184
812 949
750 696
236 231
623 533
200 981
682 473
973 710
26 421
703 429
283 62
929 608
754 503
39 981
226 60
779 830
317 211
619 959
66 981
88 5
734 412
508 773
35 495
87 958
715 369
470 93
944 605
429 155
729 74
487 101
600 190
731 494
841 180
426 818
171 297
840 508
272 376
516 555
225 312
28 861
251 235
650 756
776 775
11 50
709 151
747 492
953 413
832 622
358 734
972 147
93 515
208 307
7 215
803 268
13 520
551 922
609 749
463 726
288 9
530 659
713 543
879 110
20 145
973 213
121 932
655 825
233 674
566 364
953 89
77 881
761 928
123 159
489 985
790 899
293 681
459 177
170 36
657 574
969 892
308 426
809 651
910 395
876 572
588 33
561 764
94 302
744 895
201 548
165 259
633 553
527 823
967 216
630 197
221 298
569 217
830 988
814 449
691 54
340 72
602 615
714 893
734 120
718 797
455 649
645 489
114 781
819 577
814 304
279 625
452 657
568 666
932 155
798 387
644 791
59 913
171 827
278 125
1000 342
450 627
765 875
2 115
865 217
490 367
120 912
36 182
658 665
183 86
883 281
731 573
818 549
205 267
152 169
767 901
453 589
684 447
98 812
319 148
466 968
548 414
77 269
851 583
341 541
972 721
220 622
538 519
225 768
890 838
17 968
659 489
938 336
939 41
501 712
416 170
489 548
368 691
55 973
21 589
431 354
17 746
270 164
440 143
484 318
562 774
964 674
420 576
41 269
703 263
636 234
674 523
749 69
166 183
574 48
226 898
445 100
140 470
338 603
815 159
598 261
726 846
363 180
120 383
202 250
705 193
619 903
924 182
35 470
571 760
365 751
59 460
669 563
496 470
675 518
642 325
623 912
438 928
538 274
903 622
124 797
69 140
107 457
552 106
898 106
495 934
365 253
888 322
466 104
103 157
549 259
880 934
383 765
899 364
224 90
996 808
923 626
780 217
504 442
452 58
89 864
132 952
277 49
79 325
997 706
524 214
447 737
716 814
959 763
296 37
103 799
910 890
547 28
968 39
162 482
592 675
663 594
216 871
413 211
202 882
742 888
492 707
775 292
594 323
618 333
706 557
171 243
716 754
38 962
651 665
216 564
712 409
398 530
312 7
631 374
264 675
146 498
330 663
664 331
313 419
932 191
155 320
546 73
142 126
604 701
952 725
610 574
422 222
249 398
981 69
217 168
495 561
200 954
94 230
421 30
369 805
999 170
523 798
49 935
17 385
245 235
892 582
125 911
214 923
903 581
607 194
911 285
558 770
11 589
654 273
586 459
89 561
953 964
74 167
496 541
166 681
775 597
586 90
93 122
221 165
850 556
447 551
339 166
984 689
275 910
775 805
641 822
616 988
278 904
699 503
332 756
3 556
386 444
885 480
888 60
561 490
745 341
970 558
336 654
879 993
638 274
793 152
372 491
466 912
141 872
94 868
101 100
34 959
509 671
8 734
726 488
155 671
177 941
894 562
643 996
39 3
721 168
65 908
281 895
51 593
547 628
747 179
56 185
165 505
440 216
78 590
523 463
929 916
895 705
877 950
824 190
132 133
995 183
632 731
651 611
506 456
714 533
312 769
943 300
18 943
950 812
946 7
565 851
429 615
766 848
359 746
131 229
835 462
444 100
269 79
571 691
793 621
956 506
266 727
411 258
783 538
821 723
109 545
865 323
687 254
411 435
253 151
1 934
409 150
818 202
451 527
509 285
129 279
211 399
909 882
197 160
185 552
37 567
663 327
618 190
563 723
927 82
159 425
469 956
954 220
991 859
119 736
391 913
193 906
235 660
953 412
954 79
556 271
888 199
281 287
104 726
324 475
950 51
128 102
183 384
65 733
410 812
181 239
363 318
313 662
479 910
831 357
265 156
708 240
470 199
199 511
592 857
620 803
888 180
850 673
531 774
843 552
509 532
396 560
152 697
284 398
216 989
750 105
18 350
113 932
616 13
816 639
302 734
30 713
89 147
531 996
976 978
40 585
682 152
39 261
591 1000
398 220
442 852
351 132
902 540
196 248
448 429
130 761
991 436
683 911
558 745
748 175
596 490
983 241
889 263
635 324
554 771
149 557
169 295
314 754
192 64
965 843
586 432
850 509
279 303
178 446
897 596
867 566
615 908
305 1
16 188
20 540
149 880
315 104
814 495
852 305
374 949
358 14
73 398
400 682
609 76
497 746
993 237
442 93
619 885
851 251
287 919
438 1
974 247
315 310
642 853
921 512
397 213
968 155
785 827
275 277
656 616
775 160
393 866
824 570
458 856
497 822
43 238
996 216
544 969
205 226
251 771
33 436
566 222
894 763
110 74
38 935
242 66
377 985
998 533
967 599
893 289
551 159
203 885
898 783
86 34
334 414
226 673
47 957
677 792
160 31
60 568
649 77
652 788
688 549
71 88
381 960
226 899
812 894
669 201
286 953
70 784
52 827
420 807
701 146
43 584
929 559
640 934
625 344
607 88
894 982
758 476
465 859
53 768
330 135
386 917
539 89
61 277
802 347
546 951
25 306
782 751
785 185
839 778
309 779
127 52
199 619
899 433
940 611
795 352
819 358
468 376
67 939
465 662
839 552
509 197
202 703
655 860
36 314
662 210
775 849
443 296
766 6
988 4
2 745
684 269
650 653
941 506
263 146
525 763
267 215
785 662
551 639
54 61
7 137
854 532
159 466
16 612
419 609
239 96
314 265
261 270
466 572
511 403
34 920
77 982
258 848
703 870
445 594
893 340
859 172
23 919
458 719
440 78
521 491
10 466
363 555
56 158
475 724
265 438
316 966
75 475
354 270
172 675
125 669
971 229
22 657
792 560
118 334
815 348
783 242
899 456
914 127
753 45
445 391
545 825
970 294
919 355
957 44
634 139
616 498
778 929
876 60
454 110
520 248
778 816
993 923
559 694
397 198
861 801
871 328
183 842
741 812
434 732
383 259
62 812
879 725
162 690
1 368
111 661
205 752
315 400
478 700
721 671
571 195
129 468
132 925
258 752
331 906
46 659
729 787
433 522
741 736
393 728
256 892
345 759
225 621
372 500
409 614
46 621
323 40
775 981
518 251
186 368
684 23
979 565
358 530
897 378
419 746
557 432
7 915
683 486
367 913
647 323
427 292
764 11
627 959
15 53
221 768
882 122
28 205
756 935
649 427
479 216
317 301
778 257
941 819
599 187
73 695
434 459
472 810
80 586
26 641
824 682
101 198
18 29
610 963
868 287
688 749
377 348
294 769
482 33
100 624
691 431
161 988
606 318
754 501
437 775
131 228
350 504
874 766
287 489
867 319
540 207
27 932
193 476
322 760
931 730
325 183
678 325
183 825
69 389
410 87
690 987
31 869
748 505
454 372
982 741
20 121
463 462
213 755
348 794
832 979
214 819
179 684
589 669
400 847
501 924
954 932
801 339
568 828
533 822
681 611
701 608
614 131
337 181
357 186
893 984
286 254
769 192
621 635
440 455
394 7
3 13
871 251
825 729
856 874
3 809
926 57
17 849
107 877
552 526
116 981
462 761
928 589
30 413
531 664
968 856
259 957
314 432
564 464
964 426
379 154
443 905
623 119
769 652
698 282
542 709
441 819
316 681
155 749
484 887
752 800
160 133
677 672
517 993
327 491
972 28
367 538
669 28
228 380
835 300
105 527
324 815
107 706
735 271
315 979
264 863
935 427
564 101
769 991
22 601
950 278
378 35
808 478
421 469
522 512
672 125
403 935
244 639
544 167
158 570
911 519
348 685
204 649
245 83
597 942
230 649
502 418
801 697
457 479
406 36
963 905
356 931
782 643
235 178
478 614
606 967
734 152
130 58
663 388
577 707
544 630
361 360
195 766
896 621
776 711
413 570
58 315
497 745
149 992
560 310
923 537
158 886
435 931
804 50
24 374
854 926
46 715
384 78
976 1000
123 808
15 681
333 54
704 694
669 444
255 597
889 766
708 70
51 893
609 648
508 60
437 104
424 841
833 691
198 783
237 811
664 83
686 740
432 567
623 139
57 174
384 359
114 393
526 1000
319 810
233 557
472 883
534 795
77 740
62 8
527 454
345 20
656 94
496 216
15 400
939 358
961 418
801 281
749 67
677 422
878 281
577 472
4 16
633 602
479 310
299 596
86 380
862 55
918 439
700 917
759 159
743 570
113 213
265 597
126 520
643 264
44 779
83 343
293 899
566 980
899 591
369 746
227 532
339 942
620 101
142 45
115 599
132 38
600 201
619 167
984 296
748 449
97 81
628 508
874 379
358 88
634 544
736 264
510 103
455 802
915 680
633 240
1000 672
559 728
83 147
842 364
456 63
527 95
756 234
79 327
874 29
890 333
28 172
606 958
620 696
257 476
9 403
961 80
231 622
343 16
185 178
43 188
261 269
547 892
324 675
881 730
367 783
190 268
363 808
699 518
77 934
263 593
468 549
59 674
656 819
825 92
905 20
137 98
998 641
582 960
713 823
661 575
422 77
325 670
611 333
773 934
243 849
246 432
670 566
857 205
640 613
526 145
529 339
378 91
38 287
244 512
304 757
549 970
71 349
218 691
40 207
799 617
340 386
123 626
19 687
352 336
141 192
269 779
918 408
176 669
158 541
842 174
92 257
426 861
872 805
743 226
49 498
547 335
34 390
951 497
185 530
991 976
704 306
337 319
780 255
174 346
577 500
37 738
150 451
188 626
392 803
157 509
382 296
578 877
963 295
101 128
854 966
431 883
823 985
441 203
836 68
144 137
807 325
590 111
522 247
371 823
870 303
638 859
803 738
508 100
492 545
424 769
439 758
526 646
108 977
473 372
440 107
646 239
958 813
7 547
621 653
858 65
60 643
173 924
835 307
604 748
186 949
761 747
262 518
808 106
187 881
350 223
639 607
192 250
108 405
915 329
113 361
334 883
32 241
415 534
809 991
866 152
792 811
304 657
16 293
273 138
112 190
406 430
461 535
545 550
106 916
197 507
771 36
80 811
926 832
561 519
974 588
886 360
942 46
68 511
657 334
110 790
715 592
440 894
858 67
340 747
344 750
957 612
218 162
543 255
357 808
430 988
107 689
277 119
427 822
604 110
42 899
977 356
352 74
606 876
987 143
755 923
807 981
154 644
798 229
744 102
633 316
87 102
955 474
613 170
579 470
48 286
301 580
582 735
507 467
402 797
935 389
249 113
707 58
66 430
34 816
218 21
879 216
661 405
756 533
636 483
104 148
268 773
348 62
929 950
240 291
579 880
787 89
150 364
566 572
127 478
199 61
455 471
645 163
730 207
460 431
446 750
194 351
306 589
881 191
256 806
97 904
994 502
429 585
305 635
378 915
957 83
457 975
527 929
52 583
184 567
296 17
221 457
663 22
458 343
361 734
879 900
236 650
740 778
639 4
662 69
165 531
24 601
810 856
656 110
729 680
713 19
417 574
755 680
883 415
811 650
741 581
615 108
466 165
619 361
654 664
989 279
149 80
689 123
319 256
500 893
396 527
806 786
590 901
902 257
150 634
941 293
357 46
565 585
803 348
775 162
669 443
935 877
17 828
608 339
370 58
105 319
95 668
795 762
464 458
527 291
180 446
110 59
95 138
77 637
388 640
308 703
752 524
433 620
902 988
319 698
489 843
199 144
381 877
113 215
429 651
928 22
303 150
967 143
36 563
103 513
188 342
8 212
523 759
196 825
178 796
855 570
413 385
577 98
99 226
361 783
398 967
714 781
536 378
296 126
494 769
154 324
937 119
767 256
948 622
403 819
761 223
45 750
652 346
828 123
520 828
190 415
689 987
541 666
822 601
355 422
187 466
614 415
260 654
245 328
880 34
525 390
508 558
845 681
610 302
280 735
888 436
159 41
197 870
89 869
879 638
326 522
534 47
391 74
806 943
419 261
573 636
668 900
261 618
154 986
484 357
176 62
493 497
607 845
849 345
60 579
104 784
670 857
987 247
445 767
604 884
347 197
494 20
52 528
480 994
816 844
946 919
637 223
903 714
473 637
5 923
574 663
13 701
548 738
356 31
510 877
540 690
133 100
635 884
216 422
695 738
245 971
147 952
869 454
298 180
543 958
583 893
18 55
635 82
907 120
98 248
27 188
533 314
305 562
986 923
710 290
71 348
734 420
742 642
395 926
931 847
822 795
969 373
494 174
90 53
365 720
791 20
4 442
903 574
101 890
672 644
32 547
179 948
424 241
934 516
847 493
735 745
845 764
477 216
797 889
444 391
67 580
448 962
31 161
659 904
977 779
370 559
280 827
325 277
550 982
811 722
442 19
319 459
441 345
298 562
595 184
391 831
659 727
343 70
551 541
399 464
662 478
884 218
725 858
263 257
638 969
507 345
525 39
627 120
294 409
385 403
632 290
390 140
730 883
828 332
664 29
313 113
599 87
371 267
188 979
517 960
891 285
375 100
621 652
95 869
501 574
569 130
971 306
147 980
392 45
66 156
866 439
722 819
309 577
564 544
251 265
19 383
777 303
118 219
636 924
106 755
123 307
855 738
35 693
566 883
369 599
353 330
5 705
778 835
710 270
36 809
67 793
115 752
299 869
709 718
70 683
213 927
735 894
773 605
652 354
947 358
508 880
933 263
554 588
258 1
903 435
376 482
653 136
747 53
912 14
567 966
605 143
609 180
516 384
135 858
810 920
430 882
487 327
804 155
422 770
993 198
840 182
174 375
840 335
474 725
846 421
349 659
396 612
606 549
348 301
104 729
827 400
465 455
264 183
641 12
128 121
662 506
559 40
724 679
622 494
15 708
954 940
829 784
165 94
261 324
891 475
696 731
167 686
20 157
756 743
759 704
744 167
726 267
604 979
185 459
565 40
787 482
368 282
989 920
648 956
99 410
706 238
501 530
925 432
319 641
309 334
242 398
139 896
127 473
473 226
570 560
293 439
591 922
5 259
91 496
744 867
321 982
692 195
160 468
325 998
937 252
991 433
413 555
285 676
605 559
142 343
717 737
375 989
151 31
634 193
942 766
47 478
340 84
72 682
36 845
594 723
5 950
338 405
217 551
908 777
252 93
586 447
606 58
164 233
888 699
485 275
249 903
800 497
676 140
810 694
387 667
316 275
317 799
486 71
896 623
139 739
580 439
237 951
466 19
432 399
840 284
417 573
344 715
861 442
422 814
168 409
614 210
528 169
803 97
769 177
225 457
776 807
906 890
966 622
382 353
112 837
594 57
139 202
673 974
323 85
452 375
556 125
775 157
582 242
907 493
677 927
806 765
524 662
816 929
67 233
432 602
569 367
588 445
281 651
526 639
857 420
753 331
925 483
855 870
432 696
930 411
971 365
994 710
342 782
34 567
725 455
666 919
973 569
118 144
209 724
321 946
716 285
69 564
722 433
304 715
140 417
164 303
572 444
511 112
810 505
193 489
624 19
454 400
383 10
3 120
265 821
306 155
74 143
596 8
486 912
664 680
130 28
496 580
478 564
500 20
340 701
287 86
435 739
106 30
197 869
54 790
3 564
881 877
291 369
569 40
168 516
276 957
817 732
871 890
825 678
185 839
918 937
905 11
426 443
542 773
232 358
893 15
416 19
498 25
650 490
500 639
215 980
682 539
483 940
281 758
356 30
543 266
720 233
114 88
208 29
506 734
949 80
199 337
310 746
655 222
246 660
86 77
90 384
402 4
534 805
8 403
156 59
492 131
517 30
991 235
777 417
482 425
711 216
697 378
994 460
978 841
639 522
506 146
606 321
390 874
385 623
925 523
210 31
662 710
493 521
126 118
667 124
359 416
201 962
413 986
3 84
900 750
408 548
407 814
197 406
469 721
93 197
40 495
704 22
832 91
103 44
907 828
14 999
893 789
187 497
7 298
944 660
373 486
528 467
729 630
92 434
754 995
847 2
262 380
780 249
795 856
178 929
93 792
132 920
866 536
480 323
922 358
128 239
456 172
249 326
684 492
451 85
177 374
793 156
479 513
339 747
24 78
298 853
251 863
312 201
867 929
99 643
581 551
323 331
87 162
952 281
660 970
683 475
812 765
857 412
34 669
532 140
961 334
191 337
907 608
838 916
773 119
151 935
66 157
360 994
640 724
899 929
368 477
740 333
350 649
48 783
786 21
700 563
152 797
83 563
675 791
433 608
568 421
757 959
39 976
10 969
545 587
947 75
252 773
1 661
291 989
84 62
958 520
605 492
24 929
615 601
528 273
628 674
370 878
150 16
379 900
421 957
508 736
847 113
405 462
943 578
837 75
65 312
756 189
166 921
336 576
941 29
923 574
837 476
965 151
435 840
462 435
582 416
769 197
456 200
111 904
848 748
944 109
319 383
417 227
662 507
846 68
647 109
261 306
295 608
337 84
284 629
603 337
518 218
665 310
190 379
727 176
758 542
643 951
976 188
6 409
483 348
377 961
216 577
103 843
342 1
215 781
454 719
940 430
9 20
518 804
32 339
290 535
9 101
798 679
878 401
203 171
598 16
411 934
786 869
164 598
221 515
683 882
26 531
796 51
677 272
933 230
294 800
986 592
359 125
118 87
799 658
50 399
39 62
899 200
847 646
279 186
47 334
213 946
895 138
715 272
754 758
576 250
724 34
176 712
658 792
884 808
595 311
83 11
619 77
693 974
13 332
396 340
481 135
934 732
278 848
947 395
525 497
432 384
609 64
411 658
952 393
10 421
926 751
508 490
492 935
498 850
76 678
920 260
816 245
644 617
768 840
210 303
637 772
638 951
620 742
509 865
238 289
595 287
346 142
20 195
739 685
818 164
621 561
397 935
74 820
682 951
644 393
869 419
781 769
864 687
397 568
682 838
280 462
768 291
329 723
811 391
995 354
601 991
503 139
274 103
772 506
333 968
725 454
692 49
821 851
56 339
479 307
173 644
799 848
303 1
913 213
532 521
763 349
216 8
14 383
164 296
226 225
10 946
501 41
853 324
452 611
37 183
330 131
224 386
562 470
487 91
509 511
843 451
724 70
340 335
268 220
107 460
453 232
736 412
718 540
467 575
45 910
656 61
305 33
914 765
148 489
667 550
168 487
614 364
724 804
896 507
375 643
81 971
978 91
558 648
581 14
305 259
806 941
475 255
917 12
480 279
278 606
889 957
114 740
150 516
997 943
190 416
998 459
731 204
180 382
110 251
96 581
759 538
834 719
377 776
621 533
512 119
734 844
864 602
829 968
724 323
835 203
104 95
921 202
329 894
860 526
973 361
887 231
372 848
411 832
503 254
171 344
220 796
539 588
835 743
687 572
936 527
416 937
289 413
255 734
200 848
809 710
385 994
812 975
970 326
874 996
907 805
268 557
163 980
146 145
130 522
277 841
8 242
463 946
911 858
213 776
454 98
583 59
226 133
944 984
652 489
818 961
395 912
100 707
218 801
153 673
849 989
618 506
244 801
192 140
692 585
379 418
357 607
128 595
182 410
828 392
762 34
704 134
283 517
488 529
921 139
710 895
15 735
474 767
951 99
845 988
646 535
229 375
504 330
760 871
832 536
742 63
251 624
927 155
38 694
573 783
333 106
580 61
47 437
488 237
769 410
910 583
661 156
591 479
634 894
46 992
640 105
750 372
551 893
25 555
360 182
858 221
696 688
403 98
976 424
731 29
530 587
587 518
44 317
34 999
744 107
337 555
963 779
549 590
589 87
39 284
891 125
530 365
434 342
659 115
645 76
631 119
506 68
752 308
146 245
184 448
501 207
875 446
303 57
770 574
398 330
683 567
218 14
65 380
451 839
861 912
572 357
314 597
983 419
301 313
139 546
981 311
970 56
714 78
790 263
67 772
148 579
221 19
996 911
45 837
455 854
888 383
962 922
885 231
589 665
720 840
645 947
558 108
159 227
510 269
234 788
723 412
564 920
357 166
448 718
837 364
430 594
861 374
20 970
628 103
479 727
426 481
195 164
768 796
822 67
718 16
665 388
171 447
7 205
564 702
56 909
294 443
152 480
25 918
431 630
604 830
384 819
741 115
262 820
220 934
425 548
45 49
217 856
208 885
84 681
730 230
751 652
682 133
222 346
919 592
855 986
481 588
337 453
887 92
959 883
47 789
359 551
523 716
48 812
70 809
326 538
610 850
169 8
687 970
230 931
914 210
887 826
331 300
683 531
250 212
292 465
524 740
451 688
503 667
473 604
148 752
631 671
887 561
654 466
69 146
754 838
353 935
170 791
231 898
676 29
201 251
280 710
374 875
71 874
310 422
297 825
780 130
908 335
551 705
953 594
571 15
811 540
78 45
336 700
502 27
399 602
348 307
261 388
817 284
727 369
209 727
492 838
464 175
484 162
158 167
894 365
886 856
770 311
920 82
885 886
191 37
690 836
341 904
786 519
694 900
881 643
242 127
977 240
666 595
299 396
873 807
378 399
710 394
436 35
934 169
734 627
396 984
114 276
9 896
377 574
450 818
108 314
517 56
518 259
243 889
252 761
1 897
952 159
19 328
408 957
133 432
597 251
69 562
142 134
109 817
866 236
259 486
78 980
579 529
908 969
909 352
889 294
463 255
517 730
991 693
316 467
870 526
942 395
176 614
156 516
784 869
41 860
351 699
344 907
335 261
64 239
233 373
306 507
311 876
727 582
196 414
931 69
975 404
926 712
818 497
629 326
200 40
474 651
618 274
543 65
478 306
825 676
885 658
831 474
634 1000
29 844
565 682
803 381
306 831
590 23
21 280
923 948
431 953
363 927
766 545
939 803
171 20
501 808
63 2
581 577
450 197
569 393
643 910
642 711
935 78
114 86
669 190
635 68
912 925
233 636
554 366
807 16
503 864
788 326
488 334
490 321
323 879
480 718
77 644
705 891
826 749
338 791
359 623
60 328
353 434
557 924
743 709
395 693
195 263
52 740
94 123
939 944
596 473
669 659
511 22
187 676
540 224
815 46
885 35
892 691
839 852
921 511
973 910
359 51
942 26
163 284
960 130
708 950
993 246
22 48
188 808
483 904
634 328
430 853
344 534
700 179
277 238
499 434
286 372
949 732
72 160
842 396
951 98
534 462
314 101
23 591
673 682
821 92
492 1000
145 837
681 923
632 71
674 308
106 274
15 636
650 317
929 354
445 512
399 687
531 643
695 396
247 261
393 14
30 309
440 158
731 88
605 213
703 22
857 482
105 389
324 929
664 318
61 690
191 339
428 647
910 263
622 13
26 650
817 881
855 921
863 498
632 848
730 293
860 928
60 364
777 300
999 579
527 216
86 440
662 625
679 429
151 244
210 592
687 934
725 223
109 906
899 238
495 657
810 447
758 25
587 163
880 183
535 451
900 716
602 940
783 657
701 595
250 514
116 495
870 816
585 160
127 935
534 123
478 669
618 184
850 880
694 381
183 248
940 981
813 97
889 907
874 81
124 656
840 193
665 26
319 377
160 734
189 861
286 236
506 963
94 842
663 769
778 125
906 54
29 933
301 576
768 59
272 842
94 725
478 270
261 210
959 15
265 23
360 147
697 244
716 304
96 765
849 256
670 193
363 645
954 636
204 115
955 813
904 265
462 783
105 754
824 96
769 929
40 591
302 595
843 925
826 677
22 594
978 892
541 334
673 318
659 515
877 182
97 987
627 947
843 248
199 863
829 36
745 125
810 259
990 9
828 252
973 885
322 729
843 473
991 737
316 447
438 271
112 444
993 5
767 223
318 771
580 434
600 272
452 973
550 898
439 193
673 737
727 530
569 944
92 235
846 388
557 47
95 538
417 284
914 968
167 840
653 941
491 872
436 671
367 129
206 769
154 414
689 345
104 839
347 253
185 10
775 303
85 545
821 413
50 31
76 356
95 664
742 945
574 555
755 262
861 515
484 784
820 202
826 615
848 243
995 356
119 36
817 808
947 713
531 6
567 755
200 822
701 458
95 975
612 251
563 896
726 103
655 425
826 697
596 246
408 958
668 36
891 917
909 270
913 203
221 662
688 825
639 480
674 740
991 295
108 255
482 964
624 101
201 948
37 262
965 930
791 125
412 806
932 53
883 545
149 813
79 44
743 245
861 241
3 424
192 511
836 824
749 821
119 817
284 874
505 985
894 93
570 383
606 593
251 86
573 632
522 506
758 700
575 916
103 969
708 385
87 452
847 105
100 337
396 958
746 71
885 511
205 10
704 663
393 896
142 517
362 615
318 199
772 900
793 423
526 687
485 379
932 830
807 130
384 362
579 35
411 725
468 546
621 676
108 633
754 7
113 917
208 943
856 587
342 190
454 932
401 296
937 398
909 913
575 388
777 85
427 476
307 130
91 619
554 385
363 753
166 123
207 613
796 454
229 681
89 126
215 798
736 911
183 170
113 320
499 859
939 470
243 965
653 732
247 789
430 303
359 767
564 992
844 329
733 168
729 191
808 298
498 532
943 228
156 762
342 725
643 248
274 525
993 355
637 657
615 748
454 790
191 976
943 726
692 587
144 33
491 890
478 861
227 117
425 639
515 67
384 463
667 780
980 317
567 879
291 48
97 481
975 506
908 385
894 238
611 712
571 968
124 653
769 254
572 741
816 191
534 654
876 819
344 870
629 613
447 480
586 616
65 635
211 933
712 222
219 510
557 426
355 750
467 936
87 191
578 298
455 200
807 55
419 974
651 523
601 996
530 472
34 523
658 436
329 634
860 818
311 702
706 424
78 129
74 270
610 844
863 2
899 837
22 560
467 341
57 682
469 303
507 596
145 41
312 614
478 183
307 531
444 99
709 153
325 800
951 620
936 475
957 443
425 858
891 699
857 895
827 915
828 72
848 662
121 52
505 341
678 206
684 911
597 758
230 449
487 498
645 800
338 94
714 261
299 197
390 288
727 521
582 276
286 337
569 923
73 356
861 451
519 381
926 257
474 320
480 548
354 938
558 332
546 300
750 564
896 195
928 724
475 967
756 380
555 824
253 603
217 700
90 178
321 475
475 884
403 19
686 722
981 706
764 182
357 376
910 710
623 125
825 46
418 492
368 655
955 703
631 390
8 368
670 198
267 721
531 892
349 40
18 345
274 239
111 446
835 274
322 227
506 388
51 725
8 430
619 740
777 510
321 938
17 433
952 884
825 490
274 288
863 102
685 575
683 900
317 158
378 924
514 618
572 404
882 604
223 307
744 517
178 87
126 609
348 683
259 170
555 248
126 496
571 581
917 561
480 194
631 665
447 902
191 1000
404 971
794 876
650 815
692 690
54 671
384 439
956 383
443 148
659 964
452 974
474 514
954 264
115 780
708 287
836 852
603 611
31 10
401 997
650 656
159 73
615 248
963 363
11 86
186 33
950 103
101 259
21 401
405 818
555 418
257 379
389 366
608 841
853 559
466 595
342 326
417 125
499 485
955 509
439 644
536 768
337 966
588 441
627 421
919 803
322 37
929 11
510 890
61 648
388 200
857 473
105 604
379 45
587 704
569 77
109 124
610 675
793 972
441 706
800 885
897 864
216 382
659 60
290 937
166 92
394 714
782 186
105 894
400 404
843 952
695 955
990 825
94 242
791 809
244 554
66 871
706 259
579 531
818 841
729 162
892 570
30 857
325 855
758 471
389 742
356 879
654 146
343 791
951 596
2 269
580 866
891 611
269 993
362 998
221 40
540 444
814 199
41 736
13 284
995 25
698 612
538 141
6 623
830 685
249 784
413 615
126 206
184 933
41 636
150 334
978 455
232 417
144 371
842 406
625 878
917 408
723 419
684 373
509 549
36 432
759 832
836 130
33 670
315 347
346 335
383 936
92 335
975 692
100 338
210 270
693 483
660 220
533 74
718 78
497 890
59 735
261 375
65 670
138 194
200 407
76 314
884 481
703 879
850 721
651 768
599 78
507 414
414 958
842 957
20 337
539 803
315 791
122 571
564 406
450 114
53 151
660 929
717 144
705 712
905 30
288 8
18 161
493 961
995 131
616 76
764 476
178 987
492 255
612 152
647 907
356 606
551 367
599 856
939 457
430 300
331 281
814 409
853 500
32 858
645 408
518 926
950 482
156 763
451 765
16 334
786 350
843 275
202 105
165 867
10 804
762 161
785 158
932 219
491 893
115 569
830 766
465 602
286 600
280 144
610 348
404 899
300 665
870 778
340 733
627 745
73 510
457 799
91 123
488 931
585 27
453 491
810 940
975 362
427 704
135 19
799 56
513 327
427 849
409 766
250 928
982 409
152 24
171 340
797 696
391 843
802 238
806 686
617 53
765 469
309 127
81 420
726 480
194 177
837 969
881 329
720 201
578 299
480 882
134 277
851 869
798 828
216 536
978 753
77 725
9 77
530 473
884 689
473 24
950 538
311 776
592 34
520 351
646 259
905 139
890 459
229 635
730 176
610 986
4 71
276 684
722 812
563 464
925 713
449 176
530 251
553 298
347 785
866 291
792 642
5 699
479 372
744 667
446 583
878 586
754 492
661 928
773 678
397 851
571 715
398 917
519 811
811 45
45 672
746 575
988 521
348 887
78 249
946 60
4 880
41 922
831 971
27 731
729 549
234 232
400 823
554 728
685 615
245 267
927 437
968 314
785 222
310 473
846 319
244 85
444 535
575 6
825 512
736 165
628 499
976 628
478 786
712 910
654 817
272 543
1 119
614 21
656 693
887 442
508 160
916 143
275 257
993 532
9 429
119 542
566 91
345 581
401 683
96 401
962 460
223 111
143 175
402 791
976 176
63 68
670 180
525 879
380 200
146 272
698 293
936 296
707 433
13 704
217 861
109 407
318 548
887 168
890 423
485 660
476 813
312 950
477 516
367 656
207 687
687 753
155 256
624 703
952 134
574 29
830 235
826 574
908 593
583 977
288 286
696 139
834 361
448 468
127 314
524 528
892 646
403 797
546 939
698 734
554 123
891 567
451 578
303 685
697 882
918 90
14 931
552 6
202 643
277 179
797 828
300 244
620 941
380 586
162 757
827 13
483 851
297 53
357 886
879 721
880 657
111 827
737 248
224 917
867 877
444 682
38 406
768 844
788 263
793 175
775 11
888 235
318 754
671 202
730 530
215 94
254 928
216 723
615 473
910 897
323 233
139 314
935 470
673 639
850 746
798 90
410 955
829 928
476 589
316 580
907 607
177 894
217 953
843 861
365 17
510 970
721 377
834 56
587 336
809 750
625 151
35 786
880 309
356 522
50 333
74 327
347 857
375 974
813 944
114 916
434 127
930 856
19 555
22 862
724 364
691 29
586 333
731 876
701 908
80 858
210 681
926 883
352 314
499 701
61 414
845 234
984 303
692 736
715 641
292 214
741 897
28 760
838 201
775 824
119 898
407 596
984 589
325 315
736 254
76 887
629 877
131 526
371 149
615 142
908 366
785 765
881 864
145 862
481 488
811 637
557 17
280 963
844 739
394 119
282 235
972 520
497 1000
722 227
426 420
890 897
410 765
159 474
475 913
906 125
241 383
690 916
730 665
967 660
713 531
811 168
601 748
637 246
124 47
636 350
897 391
405 554
369 400
406 895
816 721
213 367
962 313
967 954
713 687
562 848
9 80
748 555
895 724
414 601
570 915
506 621
437 664
958 26
462 837
469 55
87 616
61 421
576 715
522 737
874 400
946 469
907 857
674 548
126 845
930 666
147 668
423 763
248 731
924 444
853 2
377 313
397 28
934 205
813 916
795 137
49 559
265 634
397 109
571 686
257 570
499 635
724 384
9 637
853 356
140 209
605 387
451 653
753 609
322 149
81 760
758 210
268 211
581 315
40 429
841 134
589 864
92 280
274 813
811 126
12 249
585 137
714 495
664 568
148 393
960 206
775 796
281 232
230 5
488 932
785 584
119 791
724 939
428 24
638 17
880 729
416 231
988 303
793 246
813 139
73 776
267 235
209 169
990 446
721 22
99 646
427 143
564 452
980 977
860 639
682 907
812 762
280 411
824 798
341 830
143 104
554 321
332 455
389 232
284 466
397 717
990 724
303 231
180 146
934 15
682 60
973 619
42 159
298 293
692 245
382 759
643 427
769 868
353 865
999 636
321 893
657 251
964 897
473 938
717 759
60 222
98 9
619 937
729 153
692 779
648 337
759 634
345 817
801 661
434 918
611 810
558 807
316 406
505 347
714 33
992 835
934 602
349 90
231 671
316 261
852 959
838 134
144 414
319 313
577 616
732 780
220 88
572 933
353 722
232 630
343 258
219 784
755 967
93 887
212 297
253 113
881 808
954 84
827 462
793 210
888 208
229 504
394 15
430 705
574 214
336 498
558 699
399 163
242 964
258 865
975 540
686 609
708 249
454 689
238 104
958 865
891 334
353 469
945 618
952 773
146 273
163 693
536 185
939 84
557 541
801 43
621 362
397 608
473 458
679 14
826 590
425 367
527 490
86 142
206 922
113 44
97 679
421 76
958 445
708 716
857 14
363 309
273 77
576 930
459 870
279 289
317 156
49 998
265 545
431 148
553 406
257 753
972 472
593 917
544 191
505 21
218 722
41 219
101 928
76 386
232 918
306 241
128 753
666 369
193 545
452 810
700 16
629 118
595 314
244 148
709 462
875 986
676 512
25 393
978 481
528 16
893 658
977 44
552 406
680 363
207 297
387 959
462 97
474 691
300 279
989 272
828 658
504 800
872 514
12 487
806 789
276 92
828 513
333 93
449 608
450 475
521 612
77 88
230 671
579 298
944 157
54 328
498 300
793 456
959 479
458 720
220 535
919 829
243 430
338 330
103 874
313 284
167 137
319 850
472 891
34 734
20 413
367 582
170 14
248 994
998 876
341 103
15 154
554 424
112 351
104 405
380 148
493 765
81 672
47 154
855 563
456 909
292 275
810 336
498 740
818 839
106 565
397 535
145 503
643 368
390 787
155 186
32 262
400 195
399 121
277 387
615 709
891 613
363 724
364 419
681 487
205 993
477 92
650 894
723 796
145 695
839 914
254 438
457 144
184 824
149 810
791 239
547 588
72 825
201 155
315 399
564 327
992 105
791 461
850 139
153 457
941 96
245 627
780 162
175 856
52 147
716 800
195 397
220 439
618 14
417 317
627 244
827 502
256 616
580 198
251 728
659 561
422 697
9 484
873 229
11 338
638 807
951 406
270 509
219 407
646 104
404 259
946 910
102 608
270 81
125 961
471 309
642 707
424 767
185 404
557 468
371 577
725 530
891 374
89 629
492 475
274 162
63 492
554 509
631 249
748 955
507 879
498 550
562 947
104 497
499 442
588 99
972 258
810 165
481 761
598 204
819 145
549 792
127 364
402 435
824 955
340 27
732 741
24 734
375 364
794 462
52 518
550 269
523 878
641 972
951 299
808 75
93 223
973 636
150 14
444 303
248 152
662 917
782 679
850 333
318 847
444 414
317 648
983 619
306 411
496 11
223 950
349 279
427 693
101 470
999 509
861 508
662 247
576 372
392 811
779 425
305 290
34 352
327 805
309 347
556 172
722 196
979 591
768 932
915 951
593 177
741 457
376 615
967 635
60 949
485 872
103 861
142 663
470 32
788 141
242 131
868 83
995 126
855 375
401 376
527 202
316 525
86 430
462 823
845 958
985 330
869 728
472 162
315 719
645 183
902 641
26 569
616 313
397 430
888 444
666 969
499 824
759 174
744 669
506 176
415 542
310 643
455 265
437 782
297 251
170 651
944 874
519 805
340 430
287 353
964 157
914 397
365 685
59 270
296 972
723 871
504 175
352 483
305 19
947 412
386 364
658 537
239 638
903 313
227 818
727 661
988 167
390 174
586 692
701 518
210 35
28 848
486 188
966 746
881 862
309 669
115 162
296 520
978 28
941 424
29 750
266 224
884 150
333 184
941 313
107 983
275 259
42 538
133 737
142 736
105 186
587 874
751 215
38 550
510 611
294 444
816 956
66 311
327 732
747 660
241 315
392 259
47 589
17 618
74 877
823 584
169 951
460 114
708 204
252 388
378 487
513 670
184 20
276 620
263 806
303 277
30 567
364 869
410 78
170 442
375 240
240 606
198 484
169 226
278 460
47 129
990 979
94 164
611 26
276 816
958 269
688 785
620 340
689 725
35 292
303 841
365 512
295 964
689 550
822 986
823 583
386 54
45 787
945 269
88 266
514 314
511 264
794 218
830 692
10 589
597 663
447 528
680 221
790 6
392 901
157 667
908 501
582 228
89 785
275 976
662 204
975 447
244 427
390 259
229 313
121 416
249 603
529 633
236 823
2 795
367 431
629 824
777 647
928 789
858 602
803 789
993 154
789 40
225 563
651 59
486 442
185 157
96 448
885 704
245 801
693 317
821 360
289 79
146 592
94 810
478 741
24 140
333 446
635 514
29 901
824 435
18 406
897 441
555 325
739 544
575 142
225 910
433 917
142 847
812 707
9 58
617 301
365 15
574 989
99 447
890 414
195 592
627 629
683 199
77 620
325 562
560 827
570 735
207 562
601 195
639 543
360 591
472 249
329 384
772 6
187 558
388 271
90 129
959 624
288 427
751 701
92 609
535 289
360 996
299 877
921 948
531 454
112 254
455 169
611 159
45 742
1000 797
426 991
814 202
374 717
836 300
28 102
455 900
149 809
810 661
478 575
970 863
476 4
996 723
297 655
528 125
380 616
219 810
77 392
614 241
82 30
149 124
888 154
343 442
611 471
533 230
873 487
167 872
495 111
99 910
695 79
156 997
484 252
802 201
196 200
40 337
493 378
782 81
149 350
461 156
449 764
820 997
287 544
932 939
475 768
261 133
561 903
270 365
109 315
73 893
437 452
578 706
772 47
513 853
129 684
504 606
223 324
282 694
636 35
341 655
454 920
890 434
444 770
665 470
243 856
890 293
84 476
873 689
760 980
166 206
773 830
818 665
462 284
30 809
344 48
444 91
959 660
653 809
937 78
65 283
58 580
476 347
701 942
259 231
409 278
357 712
545 642
529 5
723 827
463 508
417 668
70 310
22 53
923 442
983 618
960 491
121 495
158 804
840 347
34 270
96 59
586 678
375 890
745 322
802 779
140 742
915 728
182 41
954 190
685 958
813 137
29 698
712 996
95 524
73 686
718 62
152 27
94 851
955 457
134 238
521 444
911 607
579 114
273 539
200 517
823 615
627 414
151 447
518 19
80 43
801 843
704 917
184 654
48 585
695 681
661 489
463 713
974 335
972 65
666 820
504 645
104 351
721 464
897 623
778 617
748 815
913 262
23 202
365 505
496 104
973 762
498 730
321 883
801 585
269 243
986 583
148 900
330 995
97 980
634 181
781 152
714 845
258 247
33 36
619 824
217 476
382 806
239 667
828 68
351 342
839 964
435 514
296 860
850 415
689 795
155 530
178 352
550 520
159 651
700 253
684 538
653 273
529 771
288 927
552 444
883 394
520 730
172 469
432 106
751 387
914 846
302 648
242 239
689 86
619 277
626 747
668 964
23 735
690 632
328 777
664 163
292 684
617 901
581 738
51 875
103 610
287 619
167 897
850 773
891 467
266 338
216 729
534 973
506 686
986 116
380 203
753 423
128 270
807 70
898 830
739 916
333 763
337 760
892 110
638 606
574 806
441 682
117 953
392 98
13 636
825 268
41 285
169 848
501 395
930 593
127 449
809 768
278 461
5 267
545 782
284 214
322 385
416 838
308 732
570 683
722 657
577 157
207 462
613 631
908 547
340 237
433 389
179 169
877 322
594 779
424 64
978 923
409 428
100 749
908 946
336 551
827 578
204 643
631 740
942 369
681 515
377 209
602 538
676 293
182 570
53 930
184 687
295 889
791 84
328 282
387 643
412 886
343 706
288 844
259 270
775 721
952 155
784 172
699 475
537 484
98 912
831 718
978 110
375 706
563 568
710 697
20 773
537 405
342 669
279 740
903 932
485 31
231 751
418 72
582 422
538 873
153 269
392 627
106 343
567 486
628 240
167 980
350 123
651 907
546 191
488 43
622 402
593 248
996 195
82 639
447 181
234 285
622 381
273 594
661 335
650 208
856 965
551 144
455 255
355 955
56 124
664 379
668 259
639 824
711 351
790 810
208 742
891 59
359 577
297 255
786 197
460 452
613 538
709 987
216 96
843 13
202 159
304 707
513 49
930 855
517 341
618 384
118 906
729 215
378 815
417 917
861 978
572 299
22 204
909 124
417 774
92 640
918 394
888 735
335 44
887 531
676 168
515 106
906 597
45 903
102 248
982 299
272 301
127 799
742 296
279 554
14 813
418 906
638 781
741 608
67 369
327 835
936 610
997 839
910 838
79 804
458 897
864 132
741 322
82 670
659 563
159 603
239 117
901 658
544 881
686 556
836 459
495 332
228 73
545 281
357 299
195 384
233 725
164 977
772 528
954 735
647 336
445 984
750 445
899 687
829 562
246 748
319 880
251 6
636 339
683 149
5 417
687 709
765 625
188 252
40 524
99 43
926 280
70 728
786 41
473 802
401 77
916 996
795 797
99 184
227 463
174 714
766 800
302 108
109 783
936 341
45 551
464 890
800 228
373 147
148 848
518 914
886 120
869 870
654 426
724 498
303 753
35 335
473 670
455 986
248 154
413 726
214 596
220 192
830 646
353 993
814 86
942 139
283 538
893 743
895 425
73 482
236 602
241 832
811 700
993 177
296 671
962 800
766 478
234 183
343 379
242 618
371 114
357 139
747 511
587 549
271 639
953 396
131 846
979 736
928 862
656 333
488 562
381 134
698 184
534 290
439 554
281 440
29 810
690 548
986 383
16 699
327 581
256 202
898 569
522 253
945 754
826 343
275 455
539 914
774 31
206 749
29 76
300 772
753 442
882 30
885 985
319 775
570 963
297 640
437 328
76 56
367 523
783 5
180 238
458 456
935 221
186 955
631 223
706 50
669 958
708 580
151 942
181 685
646 406
178 842
861 711
860 958
679 474
793 957
957 212
649 771
189 74
619 541
212 413
490 603
821 517
630 317
588 784
460 611
912 458
162 809
913 39
736 654
244 925
581 38
839 822
128 744
400 13
148 731
865 351
939 868
83 390
446 820
951 265
213 724
150 40
995 605
980 239
128 812
12 9
793 772
463 320
161 192
876 479
897 870
738 408
337 273
581 62
606 563
693 546
242 654
386 404
542 939
817 152
953 424
771 635
205 491
392 600
245 986
104 706
871 954
968 107
111 1
702 700
664 984
371 876
246 872
245 843
877 586
162 145
811 868
629 757
33 420
307 517
992 853
200 467
863 536
319 144
96 516
261 220
890 678
318 391
216 585
507 90
939 73
744 63
997 339
467 824
530 422
626 63
276 622
61 720
333 587
688 422
834 89
472 785
899 628
367 668
613 660
445 226
577 125
527 100
429 558
457 719
409 649
787 824
381 929
312 664
207 457
557 990
504 896
947 62
288 385
697 555
934 776
222 14
467 229
452 631
566 967
970 244
821 634
439 518
526 369
984 424
629 450
892 623
740 941
124 782
505 372
567 908
70 236
404 976
597 661
709 459
219 595
572 981
311 99
573 396
889 847
525 489
802 622
430 919
590 753
112 656
42 843
230 724
127 137
232 597
893 768
401 984
515 444
439 844
82 459
291 301
628 66
133 690
427 925
603 260
197 571
551 988
897 157
13 77
392 451
335 685
502 541
376 673
23 121
53 892
185 125
132 412
602 529
560 351
542 67
263 614
858 156
949 67
933 590
809 560
350 976
521 324
812 701
464 339
129 759
264 74
618 911
397 974
369 859
976 333
73 232
227 69
193 85
907 817
621 109
911 985
680 577
579 905
566 641
113 303
810 351
739 79
777 366
373 981
264 311
729 165
776 338
465 630
395 620
639 383
586 329
17 178
787 562
224 410
95 393
207 195
543 665
102 415
529 31
987 871
126 273
625 438
81 262
724 78
399 770
310 379
239 579
799 356
784 122
969 50
718 407
990 408
867 687
159 19
805 621
371 153
410 551
802 997
361 83
159 160
992 475
562 857
483 704
245 993
102 938
965 504
107 512
901 512
579 378
16 592
806 647
544 882
213 701
569 289
822 189
129 896
713 706
646 254
316 757
63 408
545 393
431 676
310 739
646 137
425 283
62 64
377 626
604 515
237 38
274 48
9 933
925 335
866 425
224 524
393 471
13 998
435 825
750 386
274 466
302 773
840 292
960 733
337 288
264 324
139 848
584 781
536 688
645 370
154 319
173 625
84 188
871 317
892 603
239 784
511 31
611 165
700 501
187 298
95 493
210 649
132 641
897 639
183 862
554 606
814 228
874 307
624 683
906 610
657 351
552 51
71 517
310 327
64 381
407 519
642 92
982 484
827 216
546 544
598 873
850 106
759 803
689 441
907 78
176 212
471 7
807 489
718 60
594 502
427 997
410 733
837 658
50 349
306 986
716 549
115 406
116 965
837 547
750 380
477 735
402 812
538 576
668 567
389 50
707 75
446 189
673 239
871 520
76 170
117 818
461 480
337 658
321 309
138 965
69 959
570 960
295 574
904 276
522 943
725 676
962 54
929 935
57 860
902 659
977 979
100 774
342 847
114 678
385 966
793 140
887 481
467 490
150 403
911 785
680 537
218 632
807 736
621 198
415 539
787 908
616 474
174 854
66 551
535 363
888 109
972 467
24 882
842 23
365 682
258 100
776 505
374 664
69 166
426 341
810 728
505 666
535 306
547 391
444 910
59 225
49 620
227 823
289 612
382 401
864 496
457 830
404 787
444 556
840 377
324 42
609 428
614 191
708 432
374 836
270 751
182 11
77 223
974 23
25 892
634 36
266 126
802 156
340 835
194 879
138 52
910 942
587 879
659 618
129 863
556 34
650 427
48 265
886 680
741 123
102 559
360 154
345 362
53 89
642 646
975 978
170 135
81 352
63 464
527 321
938 382
40 679
648 934
669 16
748 623
655 45
397 749
308 440
259 724
249 480
194 291
734 697
751 517
442 857
52 820
807 644
331 343
829 460
758 338
62 453
320 228
654 9
892 556
765 794
514 612
222 15
408 839
291 242
912 311
253 651
126 619
622 620
629 336
505 394
568 542
187 338
796 968
81 730
177 152
322 835
603 774
628 655
899 465
331 659
405 376
830 699
687 278
763 756
790 173
145 587
755 516
240 599
439 169
291 188
306 606
813 260
515 302
516 765
21 185
81 998
959 166
797 936
465 327
484 485
637 681
715 855
37 687
811 532
546 641
398 447
335 910
428 220
251 579
654 790
860 255
920 188
388 626
557 582
534 747
775 151
464 167
110 704
437 124
534 602
407 439
560 449
772 341
7 482
916 398
590 221
260 362
668 639
48 644
982 155
195 311
752 680
55 60
901 495
975 158
229 988
431 368
12 950
694 702
360 916
973 648
17 373
199 133
598 53
708 669
801 277
753 60
82 784
554 39
293 81
434 610
133 440
321 904
675 841
431 199
89 404
164 450
771 314
130 686
188 472
553 384
421 146
752 195
74 467
779 884
709 763
451 775
982 545
969 326
108 246
951 594
435 463
883 697
41 836
145 253
44 541
157 858
49 369
110 874
182 439
130 18
991 595
728 257
672 593
175 518
845 606
314 998
810 803
633 252
82 138
920 601
858 795
325 294
435 794
257 14
277 67
831 748
941 92
101 271
85 906
267 117
390 439
590 893
315 353
903 32
686 336
926 323
674 296
229 763
626 561
733 843
32 169
432 786
451 14
253 422
864 885
737 505
688 35
393 905
176 279
360 52
217 589
181 42
495 334
475 542
228 75
381 435
789 668
957 231
254 861
674 312
164 802
446 418
268 960
695 759
833 294
601 770
804 865
768 439
644 266
556 558
246 396
191 517
123 435
605 843
625 21
186 398
958 377
299 940
909 299
433 626
805 490
148 995
437 822
583 72
643 145
615 519
246 174
507 574
40 187
149 519
277 562
369 561
832 183
212 500
31 999
213 896
269 942
416 622
291 842
787 593
258 129
791 41
593 866
338 339
174 21
667 192
155 194
218 985
899 408
81 755
600 177
672 526
430 242
69 82
93 76
240 512
666 36
405 136
10 512
587 123
624 358
681 737
719 89
442 183
975 451
832 883
839 656
760 21
372 219
689 47
374 889
214 514
979 738
626 597
954 44
794 725
137 718
233 917
397 772
676 529
589 304
722 339
205 233
696 714
53 885
237 854
560 393
859 135
608 389
664 407
313 239
721 154
755 151
878 16
647 711
338 977
398 35
352 861
460 296
8 441
155 314
619 753
798 704
639 754
800 454
235 744
270 25
271 320
627 558
900 112
683 768
123 351
198 271
346 562
476 613
211 72
900 7
248 764
305 587
431 255
667 421
838 334
680 824
75 830
648 342
904 800
357 664
876 164
487 767
758 128
135 937
637 817
891 545
145 733
706 918
121 174
78 518
571 284
934 686
520 590
577 611
427 516
379 110
620 839
400 700
469 854
922 209
634 743
466 181
33 638
699 313
96 218
889 915
134 457
280 274
141 732
366 853
827 453
333 180
391 788
551 570
607 910
354 788
264 532
742 163
67 105
494 104
756 379
357 981
206 860
908 43
488 65
983 609
863 538
556 946
995 402
82 182
694 800
825 55
114 406
575 231
556 690
1000 75
104 128
893 384
472 868
34 695
561 686
726 224
527 497
877 908
716 14
41 258
170 422
412 638
329 649
302 603
260 92
144 533
236 171
753 23
166 186
443 515
464 550
344 124
87 668
281 927
203 387
386 502
430 366
322 527
86 476
625 174
735 929
645 329
848 587
814 464
502 268
140 263
412 572
847 818
917 969
303 826
110 582
589 961
573 168
940 621
829 386
603 813
892 866
496 224
696 31
212 905
650 982
580 555
796 632
947 508
114 246
258 363
978 474
390 372
525 487
504 429
767 852
456 48
957 136
429 291
698 796
515 446
268 726
370 509
479 685
802 846
306 641
811 635
788 269
954 117
261 395
377 262
251 563
656 663
513 50
402 595
519 124
996 383
979 523
414 826
822 215
570 52
763 252
9 348
832 505
518 980
285 55
124 1
650 336
769 330
347 354
262 777
18 879
367 988
960 934
902 825
906 308
247 122
813 841
639 852
195 181
534 788
422 65
192 591
561 714
269 252
949 355
452 300
332 299
818 542
450 698
161 693
751 536
501 994
565 420
240 89
921 712
813 938
793 360
912 389
359 350
792 879
287 404
677 28
135 297
112 242
774 942
905 641
1000 769
987 889
483 933
790 196
884 743
939 942
210 818
141 2
231 72
468 398
513 121
464 833
41 980
313 854
245 348
109 910
895 438
419 211
202 673
573 430
379 324
996 735
10 930
945 15
474 737
782 21
989 222
112 702
314 86
23 546
906 690
709 207
569 980
205 288
116 205
776 974
416 495
115 15
498 445
848 743
105 229
622 450
592 648
519 96
320 980
341 962
552 947
333 350
246 961
542 18
671 458
30 454
986 440
513 824
327 640
42 496
631 470
501 701
985 704
582 930
273 716
891 388
111 398
238 598
761 873
561 613
330 646
117 52
167 313
324 852
167 398
575 285
959 946
907 863
657 896
105 835
415 912
885 799
494 719
98 140
246 60
808 387
19 476
919 369
79 724
465 800
139 675
235 954
443 809
407 946
209 975
943 236
585 960
217 771
306 35
89 657
52 515
291 845
884 596
60 22
499 750
143 47
619 225
823 507
844 950
81 754
98 304
45 855
227 908
488 652
433 61
248 172
828 386
997 565
72 858
70 325
774 583
872 929
598 990
766 44
589 461
323 905
935 694
862 850
797 689
391 832
530 780
214 493
535 885
224 689
703 827
119 416
375 858
87 198
569 323
676 609
336 989
664 105
624 369
636 381
945 576
480 36
734 790
294 264
589 17
746 1000
601 579
579 36
271 173
844 161
497 458
117 929
632 635
476 832
142 924
933 870
281 902
792 598
234 901
702 61
631 73
47 232
269 158
752 302
491 274
813 468
593 530
478 44
959 551
970 332
199 882
202 210
421 436
266 873
10 993
652 560
453 506
361 947
193 430
140 243
310 354
252 708
308 905
224 324
199 79
981 430
631 109
970 945
340 903
338 199
581 281
174 161
842 247
737 11
130 219
656 127
396 314
932 452
805 594
594 807
701 513
29 632
383 547
148 311
599 715
767 913
515 466
332 926
333 179
462 297
484 289
863 46
929 404
608 213
718 30
354 789
831 261
212 343
375 905
431 907
761 556
950 445
664 214
703 433
486 296
711 704
108 923
109 366
265 30
319 983
584 316
733 709
189 423
817 682
855 854
489 969
809 618
772 378
904 576
501 486
119 91
364 866
972 97
574 949
730 159
274 393
277 806
95 99
406 650
522 675
670 635
13 812
826 797
535 740
609 369
561 211
322 524
736 830
787 938
58 806
293 157
614 819
541 615
157 264
231 321
322 703
676 466
490 717
961 796
13 415
270 601
650 836
297 500
905 757
581 364
267 284
362 146
144 97
575 573
516 473
760 257
540 455
510 598
696 619
475 462
311 124
46 947
323 658
361 491
326 539
718 297
439 216
656 547
480 407
263 14
448 693
949 539
842 461
193 458
428 222
410 625
803 506
77 193
201 810
104 801
86 625
535 512
436 864
537 187
986 697
388 515
704 644
337 941
559 782
727 248
68 811
931 495
592 677
591 409
885 892
561 926
986 508
711 676
204 372
551 831
368 596
95 643
223 478
575 181
914 391
268 847
985 747
440 408
910 341
925 360
104 268
156 617
877 111
521 43
892 803
709 822
467 567
748 988
672 701
805 852
640 518
297 165
351 894
45 575
601 119
198 231
753 796
739 449
559 170
227 693
943 203
31 525
838 407
507 645
24 885
903 713
54 593
400 72
101 730
269 874
970 969
686 5
101 555
755 54
581 209
103 141
140 921
639 47
876 403
89 967
382 92
974 768
633 130
290 764
859 576
89 880
755 659
286 444
873 316
380 724
72 29
860 46
988 27
60 650
699 104
335 620
780 815
565 527
72 108
739 442
936 757
24 463
189 811
559 957
780 958
506 913
722 365
449 389
985 549
949 24
162 212
20 234
506 350
684 177
371 726
104 59
211 769
877 672
966 376
200 494
980 346
544 595
764 246
659 130
678 674
189 288
555 53
938 183
351 414
122 946
29 134
56 28
185 376
792 400
338 890
651 631
47 870
543 941
794 441
414 723
806 209
964 662
740 349
208 710
227 98
672 213
446 704
123 437
621 78
587 450
400 488
683 951
758 361
302 554
482 44
501 240
47 68
621 223
203 330
939 606
390 870
299 831
321 795
132 958
970 184
80 686
834 475
602 559
588 718
761 134
45 709
601 365
532 901
58 560
511 382
840 610
325 486
625 814
76 940
81 514
231 652
172 351
465 739
887 864
67 563
174 245
177 55
9 830
847 22
206 138
874 208
12 327
654 690
516 695
900 790
124 646
509 988
440 573
2 732
332 635
181 498
723 378
981 123
105 55
31 347
760 803
876 804
608 202
827 296
519 54
318 528
416 405
824 530
863 915
31 926
943 489
646 959
426 274
800 523
915 810
59 608
182 99
949 23
520 83
163 670
756 519
595 643
744 199
968 527
109 427
516 125
494 287
377 531
584 767
15 639
604 190
630 614
815 400
818 596
66 145
527 12
35 834
195 145
125 690
255 743
494 633
959 977
119 604
485 858
550 246
169 25
79 570
224 714
709 927
87 875
135 645
120 484
714 818
59 407
188 113
176 585
763 399
586 396
395 563
805 238
93 140
260 533
335 115
283 732
356 958
140 67
473 766
383 327
854 623
978 357
176 695
766 284
839 592
864 260
103 665
173 22
176 774
338 478
288 916
474 567
689 334
58 310
404 798
956 451
478 651
465 344
301 242
106 90
71 776
508 978
174 499
548 260
65 273
295 357
689 474
690 629
891 685
312 403
276 54
495 418
958 526
319 240
565 744
603 429
72 307
645 561
521 626
834 667
